1.029242211324173
0.029619637137717
0.003469593624387
-0.018641298409162
0.043673644853874
-0.006060235329648
-0.060529267145756
-0.065542509221422
-0.035552099312754
0.038600215630103
-0.016995920796907
-0.000104515379105
0.014801431733996
0.016151097271820
-0.034625240059322
0.037706020967890
-0.000609492270676
-0.027089379576192
-0.053424938293549
0.028086242392991
-0.049225464601101
0.015801448510127
0.011631971179007
0.012004515485469
0.037202532141082
-0.024365189966725
0.007574379238095
-0.032946377685067
0.003806248998077
-0.019595097922796
-0.006534327057882
-0.025953416115159
-0.002739434215683
-0.005406669737484
-0.038307534739863
-0.040354367321778
0.007192547609734
-0.033549857925869
-0.020337114427818
0.000427116032548
0.022930782390127
0.004489108084488
-0.017665188240266
0.014460391422100
0.034408936871471
0.008394338724562
-0.011433707709587
-0.000185773533961
-0.010908537818104
0.016570675754204
-0.031502997044548
-0.000210649992316
-0.006568569725512
0.000871733227551
-0.042076581695597
0.007548980579444
-0.064605628103307
0.026952457387836
-0.042133839241422
-0.002233440042948
-0.010258769533938
0.041937260214888
-0.073964188420042
0.038066023267872
0.029619637137717
1.046507473480673
-0.044411510477953
-0.040866590425963
-0.014402229844282
-0.014597158160171
0.052124141034670
0.034169957133169
-0.028461664385741
-0.007053500519292
-0.018062095555442
0.022050822114476
0.044139353500466
0.048663145636814
-0.025135260456595
-0.014091829373776
0.005905795858423
0.007883918761554
0.052575511253127
0.010982916229806
-0.010143155856404
0.015880083635464
0.014311937951938
0.007924335908179
0.008208167292172
-0.038365504267702
0.007296810853765
-0.020094929522553
0.031530305142541
-0.003947663060629
-0.003961501567890
0.027342384450798
-0.019760854554354
-0.019563956950254
0.040116023166861
-0.042030206254953
-0.015029730986625
0.002768980060217
0.016339493643862
0.019172377711531
-0.028385719416905
0.011037847937929
0.048102364719930
-0.001474908808524
-0.043815933142511
0.066238469743479
0.001187460780180
0.002251789417354
-0.031931403894947
0.057333039160207
0.000172662186934
0.037384293673025
-0.041865603609185
-0.022619543358268
-0.012415600057330
0.005231470690945
-0.035289242591976
-0.010826689071625
-0.018490972134839
-0.007454968080179
-0.039091927141281
-0.024901987333275
-0.069676374794712
0.003345389753854
0.003469593624387
-0.044411510477953
1.070026755353477
-0.065032481254993
-0.004195417668088
-0.015930612639817
0.019191131385623
-0.055161706019681
-0.012098646457973
-0.009432492111339
0.006152365046046
0.007331044153358
0.027129989957958
-0.008036781718062
0.075076547495442
-0.001212617425287
-0.002584187337262
-0.014636307927731
0.033462358536741
0.001505820190300
0.041088503762307
-0.010555115924126
-0.017787722428164
-0.003656285472423
0.003502965797799
0.001310659061971
-0.041703837186565
0.020987307808858
0.066937429126126
-0.029834100201574
-0.021724712746340
-0.004858214575675
-0.011254458730285
-0.007950768752742
0.009022260122284
-0.031936999084739
-0.015254944543758
-0.016830858446618
-0.012564696216234
0.000333282573124
-0.000575676999882
-0.002574102311547
0.000817355084720
0.019925303553694
-0.020206019136508
0.011948904182366
0.003025123917403
0.027466795048414
0.016205592780588
-0.063327808597902
-0.008761636696509
0.011368794844962
-0.023668686954866
0.050489588530060
0.001350837031986
-0.005397838449690
-0.007883021462348
-0.034190398504776
-0.006134576222946
0.000234401916470
-0.035980747203539
0.023219095552025
0.001211908929748
-0.058050580160624
-0.018641298409162
-0.040866590425963
-0.065032481254993
1.070113416135536
-0.012609143244318
-0.021389120357055
-0.011380073361162
0.019582461997721
-0.007674718947967
-0.001162763591984
0.046544055279733
0.022750627492257
0.011849458679841
0.011362737701938
-0.087911270462713
-0.013308738531578
0.042017617639720
-0.003734733638766
-0.008723759260210
0.001866844171320
-0.024103738155006
-0.035688972164575
-0.032273806529762
-0.000449100334759
0.012406913632099
-0.027000454225366
0.002242875657117
0.007086447322673
-0.034408388005086
0.017034621499842
-0.031905414882124
-0.026576440527908
0.010811311042247
0.000115269203614
0.053076998954254
0.023334852005833
0.044694319668600
0.002812261176538
0.051699064017774
-0.049941551942329
0.024124313792962
0.005938136655075
-0.031869252691617
0.022972738454116
0.013572129842767
-0.018659868061159
-0.030402837176823
0.021771999380135
-0.000554983354664
0.031534826217285
-0.011577032961373
0.016546782456131
0.023065589120986
-0.011414885203584
0.004996232201282
-0.037040433822668
0.018332456994153
-0.028571513675159
-0.034638925713738
0.008884101268872
-0.004014780547065
-0.007054633323325
0.018215242586794
-0.033667977263956
0.043673644853874
-0.014402229844282
-0.004195417668088
-0.012609143244318
1.002658046158217
0.004667529179769
-0.047234761909073
-0.032985924605324
-0.014415341481853
-0.036024287256767
-0.019856811890209
0.016837760028691
0.005102094461403
-0.028180530157560
-0.010716819327545
-0.031767540832178
0.009607151939460
0.050751389443741
-0.009411787075117
-0.020993228235149
0.063878973064794
0.008741650142929
0.003768121708754
0.001763017648401
0.060638239659274
0.010369433711000
-0.013381971601415
-0.033982178012653
-0.009839827433670
-0.048835096907666
-0.047798224475551
0.048360290302635
0.024064209091904
0.019539593879626
0.012072012296377
-0.022835360730671
0.000726863627202
-0.051996282518496
-0.036971891825550
0.036322550269443
-0.017852428542539
-0.000391299445355
-0.026990753847275
-0.034299264303237
0.068296613448162
-0.018389571414635
0.012369615606972
0.012073389506245
0.010257250953207
-0.003389392550042
0.020889755883781
-0.027921111994761
0.029435889688185
-0.006226036791518
-0.030288423078264
-0.046295201994949
-0.054183634624416
0.038323189235770
0.011451500313998
-0.036940616059240
0.037568368625122
0.005143805744668
-0.020379045995880
0.046410366170408
-0.006060235329648
-0.014597158160171
-0.015930612639817
-0.021389120357055
0.004667529179769
1.068029171365328
0.022864494454307
0.002055013053236
0.024015601054111
-0.046946301355692
-0.010152501128677
0.000846163750849
0.007169233297714
0.023637959189778
-0.004884103086561
-0.018768790620604
0.003969380985605
0.014472663142138
-0.006837411279510
-0.046089529319420
-0.015409312819795
-0.034699112846232
-0.053061496052724
-0.008711825504697
0.011960095630670
-0.014430118323663
-0.034519436199028
0.012650152257669
-0.039941834385539
0.017773096316817
-0.008554005300667
-0.026441495803138
0.023322229467689
0.012464967084401
-0.041589576501770
0.012001896239770
0.006742897928225
-0.068857187295969
0.015496126746098
0.087070083875299
-0.009557650291277
-0.022496502555807
-0.030629760906031
0.004889290104313
0.006501702574071
0.009939741906466
-0.094584870223878
-0.042852835117178
0.017756933825220
0.004821760230515
-0.040901405127420
-0.006147221936948
0.014019552255494
-0.011192131077211
-0.020460285725997
0.030371320441574
0.030298991952469
0.028925855761442
0.014489646532825
-0.040261947922114
-0.020565013782781
0.055922229113860
0.057242467559213
0.047424809965108
-0.060529267145756
0.052124141034670
0.019191131385623
-0.011380073361162
-0.047234761909073
0.022864494454307
1.074950274199389
0.042353335441960
-0.033060710434342
0.030851398281450
0.016639613081400
0.012184409174948
0.053808422105778
0.050147617555598
-0.013427188987516
0.003823492333090
0.055257974547909
-0.011382679936938
0.031618316647744
0.018167163678942
0.016646789944585
0.027127169944466
-0.007870522028912
-0.000156769111200
-0.013486532564447
0.010646358172198
-0.015173981147377
0.029625673337430
0.054930007483195
0.008712772955489
-0.067920428509630
0.018440055362426
-0.031841832583377
0.015656838858781
0.018469024087203
0.006334036303670
-0.017069402528220
-0.005402388879137
0.028279055925789
0.033662401583017
-0.002489270726478
-0.017974923981270
0.004965057902136
-0.029696048109998
-0.005353604767018
-0.050182778136304
0.016486466569428
-0.002865221230468
-0.024128095284900
-0.041832639170359
0.014819292151199
0.006263332125256
0.000283654035515
-0.019687354948450
0.014890692535921
0.058533700139723
0.023171437120253
-0.021180233357465
0.056098894034074
0.025290194436493
-0.019462330077566
-0.070639271129176
-0.018123298144281
-0.013812538252433
-0.065542509221422
0.034169957133169
-0.055161706019681
0.019582461997721
-0.032985924605324
0.002055013053236
0.042353335441960
1.034468799209806
0.001289221738044
-0.004233179153781
-0.015884641060137
0.003374566546074
-0.023145767575348
0.010335242259409
0.000221242854724
-0.000389478130267
-0.031785728736712
0.035494737651469
0.017386829163501
0.061111430999665
-0.001496288555175
-0.009735500001119
0.044635064039148
-0.021735875138853
-0.070972040067582
0.002428177080012
-0.021929786311943
0.044594838733853
0.002135346050778
-0.007719287982516
0.009365748655351
-0.008846863129230
-0.012941592654825
-0.024562403941497
0.025219713935500
-0.078835385294588
-0.015162029653375
-0.016891191180786
0.051899886774049
-0.032590329534708
-0.009793254465939
0.008380355297867
0.016832312842944
0.011114748470116
0.015713392780983
0.005563024098039
0.006898416450820
0.020549283662686
0.009534629627136
-0.012402902448044
0.009314462151034
0.002887035577415
0.050234097986415
0.014441881186367
-0.005057521665085
0.034809963081420
0.036716546184385
0.019183245162114
-0.009655599725049
0.047699969767366
-0.039048764393536
0.014208139400970
-0.001187052914390
0.013074586033791
-0.035552099312754
-0.028461664385741
-0.012098646457973
-0.007674718947967
-0.014415341481853
0.024015601054111
-0.033060710434342
0.001289221738044
1.079322051941581
0.035431121862990
0.070523796438871
0.011908592924670
0.007173813404685
-0.029964270436166
0.050117320463995
-0.026903279670483
-0.004695432378457
-0.030222100694317
0.008369851737803
0.018723632724132
0.021931056638179
-0.020351289719243
0.039221253431648
0.034980369935998
-0.028361095487908
-0.008740791980794
-0.040534438429387
-0.003458033319295
0.009901994102158
-0.006907093679940
0.054701131643110
-0.061926137317317
0.013873471718094
-0.016308154663373
0.012950348571283
-0.052435875430740
0.004254326593315
0.010590533834282
-0.035834059297267
-0.002711013417874
0.031152831156707
0.020125417032436
0.057977554090021
-0.026681418092102
0.047858389863081
0.066586222209252
0.037892893914217
-0.014544549429735
0.058570310666985
0.010372395410512
0.013569183498885
-0.059280427432685
-0.006388597327645
-0.020810882827505
-0.000473207144257
-0.009235795128037
0.038699058137066
-0.003208476800760
-0.043916328620132
0.019925724141949
0.041005871353254
0.002453765793785
0.007675725979738
0.000517112557301
0.038600215630103
-0.007053500519292
-0.009432492111339
-0.001162763591984
-0.036024287256767
-0.046946301355692
0.030851398281450
-0.004233179153781
0.035431121862990
1.051366137754472
-0.011067532223756
-0.061331842691149
-0.001382345038723
0.050885694325543
-0.043917596111912
0.037918887042078
0.044286963379363
-0.033551576975715
0.020005756297026
-0.001236759663749
-0.024607672973194
0.026053432653157
-0.027578222549362
-0.001829744280701
0.029544682965563
0.018764930562969
-0.041341280787431
-0.007659515949853
-0.052179423947706
0.018110703367827
-0.010807193884229
0.008745904851900
-0.014375764206686
-0.012175532763939
0.027232908445825
0.020545638427074
0.016775456468438
0.017129345314266
0.033172776449708
-0.034866333680251
0.001627528291459
-0.014028959351141
-0.015438932545423
-0.003620106737119
0.002705481648249
-0.014386292318233
0.049794869741386
0.018397073257281
-0.044413317947114
-0.009571171824055
-0.002391888246125
0.042263583247073
-0.010071649130513
-0.015650930078361
-0.046454797542430
0.014711113298567
0.037464463753264
0.033645412721608
-0.056119724873417
0.072061086593612
0.025681559069625
0.015380943774919
0.029643918493710
0.029342191755636
-0.016995920796907
-0.018062095555442
0.006152365046046
0.046544055279733
-0.019856811890209
-0.010152501128677
0.016639613081400
-0.015884641060137
0.070523796438871
-0.011067532223756
1.046993645767724
0.023554779045001
0.008255011591200
0.008233593728297
0.032127458137174
0.014727467623601
0.022935520426442
-0.053712580099288
0.011498650457092
0.036123365290568
-0.039690326491099
-0.034380885921479
0.013884516013842
-0.022950010196337
0.041378617303732
0.009518161849367
-0.011787769132417
-0.019256623828327
0.023590329245703
-0.038952291541666
-0.000827909491112
-0.054202768586519
-0.027775574642631
-0.037721940930843
0.015412812227604
0.025710985327183
0.030115353434810
-0.029835264174455
-0.033609111214474
-0.037535214272896
0.038426688923795
-0.026672178822564
0.027468088249780
-0.025252034126844
-0.022545710457525
-0.008158356904493
0.031428244209423
0.001317111030794
-0.001483428260366
-0.036557406922893
0.013841546128932
-0.024283745961718
-0.009129977482669
0.056537186204293
-0.014681194379303
-0.008874467152134
-0.001307252233701
0.008604629832569
-0.012113763464622
0.007653801432588
-0.016011874922373
-0.020288926571598
-0.016355915222898
-0.012986816646574
-0.000104515379105
0.022050822114476
0.007331044153358
0.022750627492257
0.016837760028691
0.000846163750849
0.012184409174948
0.003374566546074
0.011908592924670
-0.061331842691149
0.023554779045001
0.980681471932834
-0.009126652580546
-0.004253131632278
0.002018948524815
0.025895451449541
0.035162556619863
0.020034417226677
0.048521122715609
-0.032110208917446
-0.020416455070756
-0.064578132364589
-0.004139548593511
0.021830476537860
0.010950537707784
0.000300467074115
-0.042019303600718
0.034003568515762
-0.002312246825427
-0.005748924911467
0.062910292584577
-0.037580078452294
0.022577863956048
-0.036996282833710
0.060614497406909
-0.023141787102060
-0.002132687170482
-0.013855594103129
0.041749031962336
0.013022306236904
-0.021242165214233
-0.038149938718842
-0.011020685425175
-0.014077172636062
0.048581416480984
-0.005668634872348
0.045145027714647
-0.000620003222312
0.051141643124217
0.041039578925883
0.020055613566799
-0.010447391228645
-0.015010417241939
0.022860437065714
-0.015379226288751
-0.015523005128953
-0.030732680513868
0.028546773432086
0.007722958340277
-0.028662837318992
-0.014667417173003
-0.015655788607460
0.014061483816151
-0.014413680523947
0.014801431733996
0.044139353500466
0.027129989957958
0.011849458679841
0.005102094461403
0.007169233297714
0.053808422105778
-0.023145767575348
0.007173813404685
-0.001382345038723
0.008255011591200
-0.009126652580546
1.060274347456267
0.027936218058084
0.018262007945917
-0.006475893313938
0.008826223910994
0.084813699714996
0.032011545113582
0.000322717405370
0.027595626070760
0.006036301320012
0.003084139893854
-0.016493989815925
-0.085456356717010
-0.007078222550846
0.011597813345003
-0.017380949371823
-0.018878865412126
0.025409251324653
-0.029040893067530
-0.046624597159074
-0.031887028843304
-0.000509261814419
0.009497217831800
-0.006059558217405
-0.008455172205566
0.015196924003450
-0.004625097150537
0.018887591425291
-0.047137753106705
-0.022419535329987
-0.003656145404615
0.056134032505329
0.003726402394584
-0.003746929409423
0.007819723219267
-0.043818593386672
-0.068325345489216
0.054551110326230
0.015441850806344
-0.007905218760114
-0.020805325571267
0.021036308888885
0.018849225098495
-0.019604289038932
0.008705243918103
-0.045567591947413
0.019491273260705
0.020412045164745
0.006079333091054
-0.030951909982314
0.001540132684952
-0.040341511111460
0.016151097271820
0.048663145636814
-0.008036781718062
0.011362737701938
-0.028180530157560
0.023637959189778
0.050147617555598
0.010335242259409
-0.029964270436166
0.050885694325543
0.008233593728297
-0.004253131632278
0.027936218058084
1.048899763886284
-0.068343706300774
0.007230413413104
0.042363685956533
0.009004581304715
0.036389581564596
0.007143471637778
0.013223265152547
-0.007991432764828
0.036202850976469
-0.007445861248510
0.028845070379299
-0.035981275598512
-0.019096031936231
0.037103589012578
0.049355983073839
-0.026653192285301
-0.043807019806773
-0.051851453081006
0.000558392080584
0.010382075711827
-0.064303841926686
0.023583101342237
-0.000936927439433
-0.004979729239686
0.044377244686841
0.011002467575649
-0.044695801534949
0.007520409867840
0.033340521133327
-0.030796055341735
0.049149572573741
0.003244131874537
-0.031502176197967
-0.007355004493465
0.019178849970684
-0.005010059783607
-0.010738151995329
0.010929841950274
-0.006335830086587
-0.007429439697260
0.000019883015078
-0.017819612340411
-0.038797505371981
0.014521083660531
-0.001421938641951
0.069190918208646
-0.062333242058911
0.026093679774027
-0.006655368090232
0.012382293951113
-0.034625240059322
-0.025135260456595
0.075076547495442
-0.087911270462713
-0.010716819327545
-0.004884103086561
-0.013427188987516
0.000221242854724
0.050117320463995
-0.043917596111912
0.032127458137174
0.002018948524815
0.018262007945917
-0.068343706300774
1.110015685563925
0.038185035290539
-0.049352948114223
0.009637685759611
-0.002311831995028
0.008219655219053
0.038340720401137
0.002964991882073
-0.001461954710309
-0.066008404366138
-0.008732771952750
0.021457198077684
-0.006375901310274
-0.002603389170565
0.048812148624104
0.047453690926770
-0.030394069536790
0.012779542135301
-0.022239367355359
0.004259438858272
0.047751114351220
-0.010001285439720
-0.027165969338321
-0.024613838733664
-0.017769412171239
0.037366059235642
0.051722092527786
0.037438261921641
0.059523942843593
0.034007895407672
-0.005226065345507
0.016689818792950
0.005660800909277
0.014224731692847
-0.007809319353797
0.011360975536851
0.034637989549300
0.015365447274617
0.044116288218662
-0.031313227215113
-0.026089191734745
-0.001657749119810
-0.057472047649702
-0.016584377912821
0.040155813048197
-0.006299955360192
0.016687235186650
0.004798053070568
-0.027225947749534
0.007259722591371
0.037706020967890
-0.014091829373776
-0.001212617425287
-0.013308738531578
-0.031767540832178
-0.018768790620604
0.003823492333090
-0.000389478130267
-0.026903279670483
0.037918887042078
0.014727467623601
0.025895451449541
-0.006475893313938
0.007230413413104
0.038185035290539
1.041098171901262
0.026887444785758
-0.008440371068740
0.015911769536866
0.028102965964525
0.038604776800697
-0.047758441923206
-0.026229629343344
0.000739661457803
0.010848006751613
-0.028689877546052
0.004336352665406
0.037945019670049
-0.051758230846393
-0.029597419000767
-0.028025716236594
-0.034733100959852
-0.055776450171838
-0.039099648271116
0.087910124949739
0.003259320039951
0.024788741830457
0.009836021110260
0.047330538361926
0.037760961405091
-0.010753636295711
0.049513674465752
0.026242505958516
0.014560271273423
0.014156050788496
0.032996665609472
-0.003167322145139
-0.081205063942630
-0.034133604005372
-0.041517156966576
0.022291608118948
0.025909764850043
0.039476976079877
-0.008833797282404
0.012276282997606
-0.026310669181647
-0.008358180105626
-0.015254945755580
0.006999229848435
0.009982941705342
-0.016909932430633
0.032190203465182
0.011659840761559
0.023071916453017
-0.000609492270676
0.005905795858423
-0.002584187337262
0.042017617639720
0.009607151939460
0.003969380985605
0.055257974547909
-0.031785728736712
-0.004695432378457
0.044286963379363
0.022935520426442
0.035162556619863
0.008826223910994
0.042363685956533
-0.049352948114223
0.026887444785758
1.152094664715561
0.011393328155429
0.002885283799248
-0.003398597323216
0.015706802669238
-0.008858469577414
-0.034014494261105
0.025509558539189
0.044855449706023
0.032601205116990
-0.048443604382582
-0.009682753202090
-0.036109625842283
0.018108538965233
-0.049084136851669
-0.014894428032812
-0.029570949902726
-0.017463403551319
0.050286741382186
0.028716192949087
-0.026238334383639
0.058609546287073
-0.035153064143257
0.013749295950506
0.022818559670840
0.049859222119308
-0.009667086266381
-0.054604518202055
-0.007443360403560
0.034559875670018
0.012015576173911
0.007013095966713
0.024516153291823
-0.056864769255644
0.018500499128718
0.076995726394835
-0.081241220113757
0.023242700631262
0.033598178326149
0.037682525767525
0.010157262626478
-0.008891168699348
-0.041374233497037
0.054866132983143
-0.020230276505511
-0.038364454005337
0.034383894489782
0.009777623739957
-0.027089379576192
0.007883918761554
-0.014636307927731
-0.003734733638766
0.050751389443741
0.014472663142138
-0.011382679936938
0.035494737651469
-0.030222100694317
-0.033551576975715
-0.053712580099288
0.020034417226677
0.084813699714996
0.009004581304715
0.009637685759611
-0.008440371068740
0.011393328155429
1.083142982632319
0.022327271917366
-0.027547154660351
-0.007861445279506
0.003717023896058
0.015335151797152
0.033435674995817
-0.006779475262352
-0.039782070144942
-0.023283400605311
0.038870636892235
0.002769755701509
-0.009314452848979
-0.000891984463804
-0.038988403463620
-0.030430842626258
0.022722390280097
0.041759660553058
-0.030122685060689
0.000748112617299
0.017814016478704
0.002731602979492
-0.018691409635743
-0.023625923174607
0.000959579334194
-0.021493557952101
-0.047122834029977
-0.008316187608017
0.040977839614908
0.013421656374305
-0.020587661538839
0.002439964119215
0.022678987004451
0.001104898498651
-0.000935160388667
-0.019128158195758
0.018071503720781
-0.012483065446211
-0.027217914837442
-0.022751388638057
0.053583404536120
0.003678267319206
-0.062189079870642
0.004184038427241
0.005509857170017
0.042174843437774
0.018777726896499
-0.053424938293549
0.052575511253127
0.033462358536741
-0.008723759260210
-0.009411787075117
-0.006837411279510
0.031618316647744
0.017386829163501
0.008369851737803
0.020005756297026
0.011498650457092
0.048521122715609
0.032011545113582
0.036389581564596
-0.002311831995028
0.015911769536866
0.002885283799248
0.022327271917366
1.004036013087579
0.029099032234184
-0.014570068425678
-0.002261192094752
-0.016724321167601
0.010694073916056
0.012738671242163
0.002502556403268
-0.006251959972478
-0.009956109223177
0.021240835335084
-0.008938427345588
-0.020727392948504
-0.009393255118434
-0.033943498502442
0.031372571401782
0.005274704648114
0.004416721677845
0.006688743395152
-0.013999647069434
0.006646407628301
0.001426726658854
0.019920498259121
0.022087862139956
-0.004342572412576
-0.031975401505857
0.002321435196282
0.004003335292468
0.043630119761903
0.066246379514160
0.017659138027976
-0.001509647994719
-0.013001869570008
0.007590701069671
-0.041471715403881
-0.015323479451639
0.015300597536743
0.009391318441295
-0.000022656117479
-0.065165421544579
-0.014194978438760
0.026760746136191
-0.019226801961480
-0.001393159070189
0.052799236336518
0.014459723982778
0.028086242392991
0.010982916229806
0.001505820190300
0.001866844171320
-0.020993228235149
-0.046089529319420
0.018167163678942
0.061111430999665
0.018723632724132
-0.001236759663749
0.036123365290568
-0.032110208917446
0.000322717405370
0.007143471637778
0.008219655219053
0.028102965964525
-0.003398597323216
-0.027547154660351
0.029099032234184
1.013862824792038
0.016903336330551
0.032442208065847
0.024977982826839
0.011181468810249
-0.015294731692544
0.003168246554205
0.050596737631383
-0.040793914653315
0.022314127913499
0.016685057262414
-0.003675292133313
-0.013862898312523
-0.015234624832939
0.005979027089011
0.045163577590560
-0.103800874970847
-0.012746905742189
-0.019528433268305
-0.053917994934169
-0.002583841534933
-0.001578750931514
0.033791260733160
0.013268052931485
-0.018009346042276
-0.013696551909914
0.004079888703509
0.005694546675384
0.012014934208313
-0.003328997300575
-0.035130630702875
0.047851211787927
-0.011093383747984
0.014862734830051
0.040650391899602
-0.047701346638033
0.010557751828853
-0.017473629690996
-0.002110096096874
-0.001346227692648
-0.020437387744979
-0.058339524883380
0.003257355708106
0.044090651637892
-0.069938134524179
-0.049225464601101
-0.010143155856404
0.041088503762307
-0.024103738155006
0.063878973064794
-0.015409312819795
0.016646789944585
-0.001496288555175
0.021931056638179
-0.024607672973194
-0.039690326491099
-0.020416455070756
0.027595626070760
0.013223265152547
0.038340720401137
0.038604776800697
0.015706802669238
-0.007861445279506
-0.014570068425678
0.016903336330551
1.117019488790312
-0.002586400480705
0.003140408614970
-0.008272575062685
0.003390582735500
0.003023874879613
-0.009292792031523
-0.015684659175842
-0.002214664078839
-0.031583707027364
-0.032785432591252
0.029981813702685
0.040611331435475
0.039472935945455
-0.003879018868263
0.008414718853484
0.009409569336929
0.010080747682794
-0.027270000501759
0.058725499217529
-0.048125889366793
0.019433788806602
-0.022001018756408
-0.011443914997744
-0.005412759539758
0.025044916720239
0.017013679682051
-0.036348364525796
-0.010675845974625
0.003106270717144
0.037784381238724
-0.006327836372723
0.049272821334492
-0.025216900312517
-0.023956526003937
-0.012968998744966
0.006870207477763
-0.028556856815945
0.057764474533778
-0.002601244281874
-0.016144002075822
-0.036303196678243
-0.011065804969366
-0.013460660196496
0.015801448510127
0.015880083635464
-0.010555115924126
-0.035688972164575
0.008741650142929
-0.034699112846232
0.027127169944466
-0.009735500001119
-0.020351289719243
0.026053432653157
-0.034380885921479
-0.064578132364589
0.006036301320012
-0.007991432764828
0.002964991882073
-0.047758441923206
-0.008858469577414
0.003717023896058
-0.002261192094752
0.032442208065847
-0.002586400480705
1.019331153241170
0.020237353875072
-0.006342919474257
-0.003257230857346
0.024842643453220
0.016544632889043
-0.081182325575389
0.051115661916376
0.012407753873476
-0.047451675319954
-0.013435446658602
0.032677684661614
0.003999510852500
-0.055512147431746
-0.025467253231214
-0.002382325914053
0.016364589891171
-0.074539697399908
0.013073810550706
0.014783998046819
-0.006548758634632
-0.040560521476649
-0.051943154164836
0.003584652208395
0.004544854832600
-0.000038004419115
0.030647846523479
-0.029692940066344
0.025801267500600
0.012794347077990
-0.013633954533057
-0.005736527611544
0.046065402404743
-0.024504579594680
0.005695197523444
0.053995337315247
0.030303777813039
-0.031431724479928
0.046537323800273
0.009911136282692
-0.012698646164849
-0.016246146867735
-0.021520000965105
0.011631971179007
0.014311937951938
-0.017787722428164
-0.032273806529762
0.003768121708754
-0.053061496052724
-0.007870522028912
0.044635064039148
0.039221253431648
-0.027578222549362
0.013884516013842
-0.004139548593511
0.003084139893854
0.036202850976469
-0.001461954710309
-0.026229629343344
-0.034014494261105
0.015335151797152
-0.016724321167601
0.024977982826839
0.003140408614970
0.020237353875072
1.109825596036895
-0.014541689996563
-0.025011615496330
0.001043777990896
0.007717520444279
-0.003168075924286
-0.003060347225014
-0.026491748110335
0.005862539611736
0.012258165077435
0.088274518142611
0.008259884849879
-0.029677415556366
-0.023833429668252
-0.013300545197917
-0.008269557085084
-0.010729625351336
0.016402340471706
0.014471534158884
0.028021743702203
0.069280263051020
-0.026848707362878
-0.029464531949145
0.001946846956836
-0.008793589949274
-0.009734310870218
-0.021502929370494
0.001672390951495
-0.035114292899372
0.026216796884523
-0.032666933995531
0.010738643008956
0.051884634939045
0.026080831242885
-0.064048556603567
-0.013553577503080
0.056509474348546
-0.006297864045527
-0.022707618907264
-0.010004467989886
-0.025717144555909
-0.033111062178710
0.012004515485469
0.007924335908179
-0.003656285472423
-0.000449100334759
0.001763017648401
-0.008711825504697
-0.000156769111200
-0.021735875138853
0.034980369935998
-0.001829744280701
-0.022950010196337
0.021830476537860
-0.016493989815925
-0.007445861248510
-0.066008404366138
0.000739661457803
0.025509558539189
0.033435674995817
0.010694073916056
0.011181468810249
-0.008272575062685
-0.006342919474257
-0.014541689996563
1.068467327346585
-0.023021576498559
0.027479302620114
0.014852383528696
-0.008650958497617
-0.007829887208956
-0.023010667824142
0.031942642330031
-0.004733687225397
0.018197665892467
0.006526657949467
-0.041685363672133
0.018615084280285
0.028167565142957
0.026655872521369
-0.029930299830120
-0.027087055429469
-0.040586591198321
0.048699088113416
0.028184488543912
0.006293040680265
0.036149551499930
0.007066922665955
-0.000185559644569
0.030343994302564
-0.019827102142485
-0.010890776755120
-0.006737904433328
-0.012329481039210
-0.013758233486436
0.063450706931980
-0.067217688317982
-0.019982406451605
0.011412324700028
0.050976691794774
0.045223168639642
-0.029339583215725
-0.020604358948497
-0.007917304483875
0.013403147033380
-0.010791961264167
0.037202532141082
0.008208167292172
0.003502965797799
0.012406913632099
0.060638239659274
0.011960095630670
-0.013486532564447
-0.070972040067582
-0.028361095487908
0.029544682965563
0.041378617303732
0.010950537707784
-0.085456356717010
0.028845070379299
-0.008732771952750
0.010848006751613
0.044855449706023
-0.006779475262352
0.012738671242163
-0.015294731692544
0.003390582735500
-0.003257230857346
-0.025011615496330
-0.023021576498559
1.080687158519883
-0.026480446524706
-0.048921714800893
-0.046763183074117
0.002797380208089
-0.007781936094404
0.005509264933068
0.039584865957155
0.022785735250392
-0.005693000234658
0.019175504159942
0.038906579191443
-0.017153198053530
-0.060354837186850
-0.033218358806530
0.039815697824857
0.040077504955423
0.015497952915879
-0.021896514042087
0.022407693053262
0.007428715415926
-0.018863516937007
0.024987769490480
-0.048693484702472
-0.004776106817098
-0.024662689090794
-0.013892133597826
0.012493816407040
0.004048877936244
-0.014562626255719
-0.055904215633229
-0.057452834002955
0.022988925067691
-0.002480815871339
0.055063430554128
-0.006349168967438
-0.026467262016846
0.006715452019279
-0.036742870742951
0.007951037242198
-0.024365189966725
-0.038365504267702
0.001310659061971
-0.027000454225366
0.010369433711000
-0.014430118323663
0.010646358172198
0.002428177080012
-0.008740791980794
0.018764930562969
0.009518161849367
0.000300467074115
-0.007078222550846
-0.035981275598512
0.021457198077684
-0.028689877546052
0.032601205116990
-0.039782070144942
0.002502556403268
0.003168246554205
0.003023874879613
0.024842643453220
0.001043777990896
0.027479302620114
-0.026480446524706
1.005899971045489
-0.001622503782666
-0.039072158968313
0.022166240342296
0.010912651632070
0.016713910805318
0.024541159829988
0.032784707998718
0.025477236989132
-0.005725974770202
0.021051377977235
-0.003806747291308
0.013390043618691
-0.031296284172695
0.006121799484147
-0.015817415775317
-0.033618009230256
-0.022980009487462
-0.010613934178942
-0.055693818043700
-0.028875350410543
0.005255894463803
-0.008299589459268
0.004725133571287
0.005888806393213
-0.005876437910384
-0.019454739335614
0.015188799658396
0.017548322565050
-0.026734692627156
0.022738450459432
0.010757349575504
-0.010385259966232
-0.001133819215594
0.022108240631498
0.014934769200073
0.041514668021633
0.002208376533208
0.015685222387698
0.007574379238095
0.007296810853765
-0.041703837186565
0.002242875657117
-0.013381971601415
-0.034519436199028
-0.015173981147377
-0.021929786311943
-0.040534438429387
-0.041341280787431
-0.011787769132417
-0.042019303600718
0.011597813345003
-0.019096031936231
-0.006375901310274
0.004336352665406
-0.048443604382582
-0.023283400605311
-0.006251959972478
0.050596737631383
-0.009292792031523
0.016544632889043
0.007717520444279
0.014852383528696
-0.048921714800893
-0.001622503782666
1.038911318260815
0.001834230921956
0.007263742426928
-0.027872650305481
-0.011723876844205
-0.002116882239170
-0.042546351114487
0.017536631874148
-0.027706113919952
-0.030976875192885
-0.020899610435202
-0.042367048957993
0.019098646357769
0.003508789569056
0.022146824289177
0.009393055982164
0.019765024109713
-0.046215037284859
0.011832605563651
-0.054127197885740
-0.001545455822222
-0.007996770295936
-0.019417324547707
-0.006286863894123
-0.000409482642598
-0.047313732040519
0.014574177162689
-0.050234948406515
-0.045200623895531
-0.013958678222574
-0.009911632202192
-0.049311422644265
-0.020733872780785
-0.071980381962583
-0.013780242327662
0.020701283198534
0.055519358289189
0.024234895725555
-0.032946377685067
-0.020094929522553
0.020987307808858
0.007086447322673
-0.033982178012653
0.012650152257669
0.029625673337430
0.044594838733853
-0.003458033319295
-0.007659515949853
-0.019256623828327
0.034003568515762
-0.017380949371823
0.037103589012578
-0.002603389170565
0.037945019670049
-0.009682753202090
0.038870636892235
-0.009956109223177
-0.040793914653315
-0.015684659175842
-0.081182325575389
-0.003168075924286
-0.008650958497617
-0.046763183074117
-0.039072158968313
0.001834230921956
1.037571167344311
-0.017789582030182
-0.038801697305717
0.057840963464910
-0.001509250546201
-0.008416963390650
0.021302426820183
0.027616793512289
-0.005767949651046
-0.041128052236589
0.034992545608356
0.000863528173023
0.025338224981469
-0.011706785840716
0.026986653335253
-0.006068838197060
-0.000156152518316
-0.020845908808102
-0.028373513170498
0.006960806745418
-0.028748983037581
0.017275146240207
-0.041532546173727
-0.015706873000482
0.008986491812465
0.026469226353251
-0.000131177362798
0.089608315060252
0.031405456308606
0.039629923688510
-0.039314264474618
-0.015153431391786
0.007783247504561
-0.057162599524895
-0.002786579182918
0.036314874768875
0.045587427718432
0.003806248998077
0.031530305142541
0.066937429126126
-0.034408388005086
-0.009839827433670
-0.039941834385539
0.054930007483195
0.002135346050778
0.009901994102158
-0.052179423947706
0.023590329245703
-0.002312246825427
-0.018878865412126
0.049355983073839
0.048812148624104
-0.051758230846393
-0.036109625842283
0.002769755701509
0.021240835335084
0.022314127913499
-0.002214664078839
0.051115661916376
-0.003060347225014
-0.007829887208956
0.002797380208089
0.022166240342296
0.007263742426928
-0.017789582030182
1.139354048262721
-0.011762980604818
-0.030988236289915
0.012168267027848
0.022737767567568
-0.072246138404030
-0.009410708697838
-0.020392740827678
-0.010419128414414
-0.037214666513148
0.007636232001951
0.006369065304352
0.025077912152219
-0.015664994778395
0.019995959412148
-0.003600585070355
0.006887554580708
0.021056029705187
0.008679158147515
-0.008283044621492
0.061647379889982
-0.028684827775294
0.034190326011752
-0.009728525430440
-0.024514343927734
-0.009032111050246
-0.071969407574613
0.038288472209308
0.028205986471091
-0.015148251256421
0.023676806288783
0.004701724618585
-0.008420920026533
-0.015516639427490
-0.067498098743637
-0.051399921851439
-0.019595097922796
-0.003947663060629
-0.029834100201574
0.017034621499842
-0.048835096907666
0.017773096316817
0.008712772955489
-0.007719287982516
-0.006907093679940
0.018110703367827
-0.038952291541666
-0.005748924911467
0.025409251324653
-0.026653192285301
0.047453690926770
-0.029597419000767
0.018108538965233
-0.009314452848979
-0.008938427345588
0.016685057262414
-0.031583707027364
0.012407753873476
-0.026491748110335
-0.023010667824142
-0.007781936094404
0.010912651632070
-0.027872650305481
-0.038801697305717
-0.011762980604818
0.967440165989057
0.025300810228576
0.057851509625770
-0.016224335943745
0.002609855601839
-0.023654718765090
0.018835979506475
0.058866892351239
-0.009274177574718
-0.018287797962816
0.004025226712844
-0.052523843810840
0.025294936939913
-0.011554320773537
-0.004513966062457
0.001949361057581
0.036279105191667
-0.006108856444042
-0.004279416066533
-0.064771129645162
0.045544774754360
0.028004344749250
0.014126461860718
-0.001238376875537
0.027390755697458
-0.010617016758710
0.047781043940356
-0.000748075509328
0.001129315305176
0.016344814171916
0.006170791927179
0.022765568908903
-0.021700542470432
0.019559115302579
-0.007541884152013
-0.006534327057882
-0.003961501567890
-0.021724712746340
-0.031905414882124
-0.047798224475551
-0.008554005300667
-0.067920428509630
0.009365748655351
0.054701131643110
-0.010807193884229
-0.000827909491112
0.062910292584577
-0.029040893067530
-0.043807019806773
-0.030394069536790
-0.028025716236594
-0.049084136851669
-0.000891984463804
-0.020727392948504
-0.003675292133313
-0.032785432591252
-0.047451675319954
0.005862539611736
0.031942642330031
0.005509264933068
0.016713910805318
-0.011723876844205
0.057840963464910
-0.030988236289915
0.025300810228576
1.084386866604749
0.002506223640277
0.044278805461752
-0.028191857678652
0.006619366383704
-0.069441075909757
0.001369594430120
-0.011403587704226
-0.006964234854515
-0.019183581787301
-0.046570223392760
-0.036451486580375
0.005440449262704
0.028557296042271
0.064696306745107
-0.010067482239906
0.064758970254187
0.046029682154644
0.028560343527266
0.021238427492524
0.044908493167890
-0.039909412287379
-0.011639283775275
-0.016640553336382
-0.044568562430354
0.046960018501560
-0.008910611881636
0.000952584958519
0.022708772749034
-0.080650167262807
-0.032690228270654
-0.007570472066072
-0.007875156115831
-0.024352302355184
-0.025953416115159
0.027342384450798
-0.004858214575675
-0.026576440527908
0.048360290302635
-0.026441495803138
0.018440055362426
-0.008846863129230
-0.061926137317317
0.008745904851900
-0.054202768586519
-0.037580078452294
-0.046624597159074
-0.051851453081006
0.012779542135301
-0.034733100959852
-0.014894428032812
-0.038988403463620
-0.009393255118434
-0.013862898312523
0.029981813702685
-0.013435446658602
0.012258165077435
-0.004733687225397
0.039584865957155
0.024541159829988
-0.002116882239170
-0.001509250546201
0.012168267027848
0.057851509625770
0.002506223640277
0.988388915185434
0.049375345731003
0.004844006203098
0.037546012099260
0.067366358264766
-0.048970643146964
-0.006874340908270
0.001464687070513
-0.022164753319436
0.004642946039417
0.011644239387794
0.028491801092456
-0.016330965746797
0.016688750023585
-0.014377806616741
0.021335940129819
0.012853380534527
-0.034358797374087
-0.025112653298998
0.036870000846576
0.028573947277184
-0.005543336087525
-0.015439759976820
-0.022882817723685
0.017595258944061
-0.002825552472269
-0.048820656931307
0.016874465294528
-0.037130581933676
-0.038689894101914
-0.004802399228031
-0.020368228820111
0.010713616869537
-0.002739434215683
-0.019760854554354
-0.011254458730285
0.010811311042247
0.024064209091904
0.023322229467689
-0.031841832583377
-0.012941592654825
0.013873471718094
-0.014375764206686
-0.027775574642631
0.022577863956048
-0.031887028843304
0.000558392080584
-0.022239367355359
-0.055776450171838
-0.029570949902726
-0.030430842626258
-0.033943498502442
-0.015234624832939
0.040611331435475
0.032677684661614
0.088274518142611
0.018197665892467
0.022785735250392
0.032784707998718
-0.042546351114487
-0.008416963390650
0.022737767567568
-0.016224335943745
0.044278805461752
0.049375345731003
1.113360845186530
-0.016860729435998
0.011035839847310
0.007617324049749
-0.028510814704937
-0.001344732885792
-0.046378029732122
0.026763322514634
0.013152735130582
-0.001254846337335
0.026339475050494
-0.020625503258886
0.011532537046401
0.066631670658378
-0.008387194760310
-0.015832289150132
0.077984399306720
-0.001152454942221
-0.014671146514630
0.012754386187900
-0.040793533600002
0.030769389715179
-0.022574768986377
0.034760518311887
-0.019820020298884
-0.001329700784513
0.083470643791198
-0.022309721394175
0.006796165166094
-0.022963717082100
-0.009866833278122
0.021652256213733
-0.005406669737484
-0.019563956950254
-0.007950768752742
0.000115269203614
0.019539593879627
0.012464967084401
0.015656838858781
-0.024562403941497
-0.016308154663373
-0.012175532763939
-0.037721940930843
-0.036996282833710
-0.000509261814419
0.010382075711827
0.004259438858272
-0.039099648271116
-0.017463403551319
0.022722390280097
0.031372571401782
0.005979027089011
0.039472935945455
0.003999510852500
0.008259884849879
0.006526657949467
-0.005693000234658
0.025477236989132
0.017536631874148
0.021302426820183
-0.072246138404030
0.002609855601839
-0.028191857678652
0.004844006203098
-0.016860729435998
0.986714575058920
-0.005837798002670
0.067570776485665
0.034421432891945
-0.020858989434611
-0.049418456073413
-0.020983779451527
-0.045896800609246
-0.024294409201589
-0.083928473815785
-0.015474420752391
0.000010109491051
-0.006271110345310
0.045376843783045
-0.008046745463930
-0.042624763181146
0.036717244415890
-0.023004116652922
0.020378281980244
-0.007395653558804
0.042920949538445
0.034155127474747
0.014747921318513
-0.030708807268489
0.019888387041215
-0.040190207681113
0.007879672091156
0.020132372059177
-0.014308975582054
-0.018952976908081
0.021007721033380
-0.038307534739863
0.040116023166861
0.009022260122284
0.053076998954254
0.012072012296377
-0.041589576501770
0.018469024087203
0.025219713935500
0.012950348571283
0.027232908445825
0.015412812227604
0.060614497406909
0.009497217831800
-0.064303841926686
0.047751114351220
0.087910124949739
0.050286741382186
0.041759660553058
0.005274704648114
0.045163577590560
-0.003879018868263
-0.055512147431746
-0.029677415556366
-0.041685363672133
0.019175504159942
-0.005725974770202
-0.027706113919952
0.027616793512289
-0.009410708697838
-0.023654718765090
0.006619366383704
0.037546012099260
0.011035839847310
-0.005837798002670
1.059469291150427
-0.025832929324286
-0.044773018059248
0.017960258283159
-0.029615287325802
-0.038163141229550
0.042671763345021
0.032187083193456
0.023590875230486
0.000167324110077
-0.061892128335687
0.014765720538387
0.002887065038848
-0.006753205452625
-0.031857062524340
-0.009526887956983
0.021520078115956
0.008034270748461
0.020593607599620
0.011645773887607
0.013719934933516
0.014845035363252
0.011104742870687
-0.008571291002483
-0.033846832037006
-0.019050865489541
-0.003805144211052
-0.006427593233311
0.022595219151326
0.016390267349248
-0.040354367321778
-0.042030206254953
-0.031936999084739
0.023334852005833
-0.022835360730671
0.012001896239770
0.006334036303670
-0.078835385294588
-0.052435875430740
0.020545638427074
0.025710985327183
-0.023141787102060
-0.006059558217405
0.023583101342237
-0.010001285439720
0.003259320039951
0.028716192949087
-0.030122685060689
0.004416721677845
-0.103800874970847
0.008414718853484
-0.025467253231214
-0.023833429668252
0.018615084280285
0.038906579191443
0.021051377977235
-0.030976875192885
-0.005767949651046
-0.020392740827678
0.018835979506475
-0.069441075909757
0.067366358264766
0.007617324049749
0.067570776485665
-0.025832929324286
1.141214066495588
-0.005736501316023
-0.012135089698232
-0.035285845941909
-0.008237314386164
-0.002389433653049
-0.025238197248809
-0.014581171233767
0.005885563479481
-0.009271829032617
-0.000189604355645
-0.032065845588716
-0.048483839505148
-0.066642824591413
0.005516629968055
-0.046326353332097
0.044444848702684
-0.024044989613840
-0.010696075455410
0.053224151583601
-0.028991001034509
0.001127229892295
-0.058269502966839
-0.026301172855705
0.003484315973191
0.026658131563711
0.031268655315726
-0.043678280900869
-0.025180974311947
0.007192547609734
-0.015029730986625
-0.015254944543758
0.044694319668600
0.000726863627202
0.006742897928225
-0.017069402528220
-0.015162029653375
0.004254326593315
0.016775456468438
0.030115353434810
-0.002132687170482
-0.008455172205566
-0.000936927439433
-0.027165969338321
0.024788741830457
-0.026238334383639
0.000748112617299
0.006688743395152
-0.012746905742189
0.009409569336929
-0.002382325914053
-0.013300545197917
0.028167565142957
-0.017153198053530
-0.003806747291308
-0.020899610435202
-0.041128052236589
-0.010419128414414
0.058866892351239
0.001369594430120
-0.048970643146964
-0.028510814704937
0.034421432891945
-0.044773018059248
-0.005736501316023
1.010857248556422
0.031564515515017
-0.006448063585805
0.002997533115608
0.021908356436339
0.002250304152830
-0.065527748202646
0.029659345487482
0.033627845534120
0.042370594506140
-0.019968098587777
-0.015259858072340
0.010572549321936
0.023178341586600
-0.047857661418808
0.002798936179230
0.024137313684936
0.023327824546465
0.006412323134072
-0.019967210676241
-0.007159678343258
0.061416844449367
-0.012381702718829
0.002445763305659
0.021975211512381
-0.008536229415445
-0.051915717363043
-0.009184162589914
-0.033549857925869
0.002768980060217
-0.016830858446618
0.002812261176538
-0.051996282518496
-0.068857187295969
-0.005402388879137
-0.016891191180786
0.010590533834282
0.017129345314266
-0.029835264174455
-0.013855594103129
0.015196924003450
-0.004979729239686
-0.024613838733664
0.009836021110260
0.058609546287073
0.017814016478704
-0.013999647069434
-0.019528433268305
0.010080747682794
0.016364589891171
-0.008269557085084
0.026655872521369
-0.060354837186850
0.013390043618691
-0.042367048957993
0.034992545608356
-0.037214666513148
-0.009274177574718
-0.011403587704226
-0.006874340908270
-0.001344732885792
-0.020858989434611
0.017960258283159
-0.012135089698232
0.031564515515017
1.031023130812040
-0.027953388448783
-0.034833519992273
-0.037146099112685
-0.001392019312113
0.019978470113522
-0.018946455721381
-0.047568907999329
0.043227896984023
-0.019505915448693
-0.018219900825929
-0.016771565755911
0.001157646081269
-0.038770881851449
-0.010225365995979
-0.002738483233924
-0.017239317824164
0.054228078668905
0.006963810295326
0.016818664565784
-0.048904666661268
0.029658672334636
0.039108136076308
0.021947347893744
-0.007457988627037
0.007310280111369
-0.012634059349764
-0.020337114427818
0.016339493643862
-0.012564696216234
0.051699064017774
-0.036971891825550
0.015496126746098
0.028279055925789
0.051899886774049
-0.035834059297267
0.033172776449708
-0.033609111214474
0.041749031962336
-0.004625097150537
0.044377244686841
-0.017769412171239
0.047330538361926
-0.035153064143257
0.002731602979492
0.006646407628301
-0.053917994934169
-0.027270000501759
-0.074539697399908
-0.010729625351336
-0.029930299830120
-0.033218358806530
-0.031296284172695
0.019098646357769
0.000863528173023
0.007636232001951
-0.018287797962816
-0.006964234854515
0.001464687070513
-0.046378029732122
-0.049418456073413
-0.029615287325802
-0.035285845941909
-0.006448063585805
-0.027953388448783
1.066808540184027
0.023036317561856
-0.030439617530611
0.036727797476643
-0.010763199266212
0.035863286247835
0.021634746282673
-0.031044113197158
-0.001231355221524
0.015584647183738
0.025872539741644
-0.019510877157913
0.012319322091573
-0.028726823786617
0.047193528982277
0.011148120758980
0.018044738783945
-0.005921137997120
-0.008187195005521
-0.049936501744716
0.008727521759710
0.026064819649776
0.040390542447791
0.048526242272717
-0.033937721334593
-0.045847379287722
0.000427116032548
0.019172377711531
0.000333282573124
-0.049941551942329
0.036322550269443
0.087070083875299
0.033662401583017
-0.032590329534708
-0.002711013417874
-0.034866333680251
-0.037535214272896
0.013022306236904
0.018887591425291
0.011002467575649
0.037366059235642
0.037760961405091
0.013749295950506
-0.018691409635743
0.001426726658854
-0.002583841534933
0.058725499217529
0.013073810550706
0.016402340471706
-0.027087055429469
0.039815697824857
0.006121799484147
0.003508789569056
0.025338224981469
0.006369065304352
0.004025226712844
-0.019183581787301
-0.022164753319436
0.026763322514634
-0.020983779451527
-0.038163141229550
-0.008237314386164
0.002997533115608
-0.034833519992273
0.023036317561856
1.057869219552654
0.010580873726764
-0.003240212917582
-0.000771976469893
-0.010986277867099
-0.050848348783997
-0.007179270532388
-0.072982380442104
0.001622970162927
-0.028222061478847
-0.041119900983594
-0.053226848832698
-0.022149012801929
-0.000258853890304
0.008024194483064
0.039540425292620
-0.015509738224856
0.003933887474396
-0.085070355867847
0.000565390869635
-0.003025521348912
-0.015480358890407
-0.014679153662721
-0.045045768428372
0.008314805016851
0.022930782390127
-0.028385719416905
-0.000575676999882
0.024124313792962
-0.017852428542539
-0.009557650291277
-0.002489270726478
-0.009793254465939
0.031152831156707
0.001627528291459
0.038426688923795
-0.021242165214233
-0.047137753106705
-0.044695801534949
0.051722092527786
-0.010753636295711
0.022818559670840
-0.023625923174607
0.019920498259121
-0.001578750931514
-0.048125889366793
0.014783998046819
0.014471534158884
-0.040586591198321
0.040077504955423
-0.015817415775317
0.022146824289177
-0.011706785840716
0.025077912152219
-0.052523843810840
-0.046570223392760
0.004642946039417
0.013152735130582
-0.045896800609246
0.042671763345021
-0.002389433653049
0.021908356436339
-0.037146099112685
-0.030439617530611
0.010580873726764
0.985794822340827
0.045684107080816
-0.037074407209968
-0.006740500735763
-0.026821497267461
-0.009818066817464
0.005142727082911
0.066984056754865
0.015466740476192
-0.018948851661120
-0.059766798371512
0.006739041510535
-0.032540363931531
-0.009280307331562
0.041937684480962
-0.015431796338789
-0.034695576273218
-0.058707857418221
-0.005761996832032
-0.006283863459516
0.040429093082706
-0.012065994369447
-0.039948164324984
0.005600716203081
0.004489108084488
0.011037847937929
-0.002574102311547
0.005938136655075
-0.000391299445355
-0.022496502555807
-0.017974923981270
0.008380355297867
0.020125417032436
-0.014028959351141
-0.026672178822564
-0.038149938718842
-0.022419535329987
0.007520409867840
0.037438261921641
0.049513674465752
0.049859222119308
0.000959579334194
0.022087862139956
0.033791260733160
0.019433788806602
-0.006548758634632
0.028021743702203
0.048699088113416
0.015497952915879
-0.033618009230256
0.009393055982164
0.026986653335253
-0.015664994778395
0.025294936939913
-0.036451486580375
0.011644239387794
-0.001254846337335
-0.024294409201589
0.032187083193456
-0.025238197248809
0.002250304152830
-0.001392019312113
0.036727797476643
-0.003240212917582
0.045684107080816
1.053679607575883
-0.022666868122861
-0.007930241801848
-0.019827996608924
0.037553714521070
0.001026952191915
0.016034832493744
0.043209344717781
0.016305812915192
0.000226869557326
-0.001448824427569
0.063063479896144
0.012737460140105
0.047047276862831
-0.037898134969916
0.000597490017028
-0.053070650798241
-0.006035017180357
0.019752163398901
-0.029052178869664
0.015286493313055
0.012437544421536
-0.000569252016342
-0.017665188240266
0.048102364719930
0.000817355084720
-0.031869252691617
-0.026990753847275
-0.030629760906031
0.004965057902136
0.016832312842944
0.057977554090021
-0.015438932545423
0.027468088249780
-0.011020685425175
-0.003656145404615
0.033340521133327
0.059523942843593
0.026242505958516
-0.009667086266381
-0.021493557952101
-0.004342572412576
0.013268052931485
-0.022001018756408
-0.040560521476649
0.069280263051020
0.028184488543912
-0.021896514042087
-0.022980009487462
0.019765024109713
-0.006068838197060
0.019995959412148
-0.011554320773537
0.005440449262704
0.028491801092456
0.026339475050494
-0.083928473815785
0.023590875230486
-0.014581171233767
-0.065527748202646
0.019978470113522
-0.010763199266212
-0.000771976469893
-0.037074407209968
-0.022666868122861
1.110702490328611
-0.051498067123568
-0.031508412406712
0.007181325946855
-0.021121888188477
-0.009594482883312
0.009082768253760
-0.026684744679651
-0.035941446407349
0.022679501514708
0.031013360139655
-0.096189903776728
-0.002254496973766
-0.001643337301745
-0.017159841049456
-0.018612669293084
0.058860051930934
0.016439161322625
0.014783723013378
-0.012568316837517
0.023445426956765
-0.039693167613565
0.014460391422100
-0.001474908808524
0.019925303553694
0.022972738454116
-0.034299264303237
0.004889290104313
-0.029696048109998
0.011114748470116
-0.026681418092102
-0.003620106737119
-0.025252034126844
-0.014077172636062
0.056134032505329
-0.030796055341735
0.034007895407672
0.014560271273423
-0.054604518202055
-0.047122834029977
-0.031975401505857
-0.018009346042276
-0.011443914997744
-0.051943154164836
-0.026848707362878
0.006293040680265
0.022407693053262
-0.010613934178942
-0.046215037284859
-0.000156152518316
-0.003600585070355
-0.004513966062457
0.028557296042271
-0.016330965746797
-0.020625503258886
-0.015474420752391
0.000167324110077
0.005885563479481
0.029659345487482
-0.018946455721381
0.035863286247835
-0.010986277867099
-0.006740500735763
-0.007930241801848
-0.051498067123568
1.080053222184904
0.045076257480267
-0.037251322632345
0.016202669546407
-0.015122229105558
-0.097207543016321
0.030542246207199
-0.016673410581370
-0.015564608980210
0.023951048730291
-0.018972065380802
0.064365100203316
0.034427806807018
0.031790932125166
0.016615808161244
0.028678242183335
-0.027808776115825
-0.048263528940285
-0.037802959371387
-0.007573539635047
-0.052165340286235
0.034408936871471
-0.043815933142511
-0.020206019136508
0.013572129842767
0.068296613448162
0.006501702574071
-0.005353604767018
0.015713392780983
0.047858389863081
0.002705481648249
-0.022545710457525
0.048581416480984
0.003726402394584
0.049149572573741
-0.005226065345507
0.014156050788496
-0.007443360403560
-0.008316187608017
0.002321435196282
-0.013696551909914
-0.005412759539758
0.003584652208395
-0.029464531949145
0.036149551499930
0.007428715415926
-0.055693818043700
0.011832605563651
-0.020845908808102
0.006887554580708
0.001949361057581
0.064696306745107
0.016688750023585
0.011532537046401
0.000010109491051
-0.061892128335687
-0.009271829032617
0.033627845534120
-0.047568907999329
0.021634746282673
-0.050848348783997
-0.026821497267461
-0.019827996608924
-0.031508412406712
0.045076257480267
1.129644660332549
-0.003939288981381
0.044161732030420
0.018613033195482
-0.023284872395837
0.032078046437643
0.073552649331216
-0.013166411809218
-0.001078756436060
-0.070692669333873
-0.070037873631529
-0.067763899135583
-0.007268025618749
0.028356257927995
0.016386332180346
-0.066483113280278
-0.025444988260082
0.001278762625085
-0.009676394835840
0.039976761332583
0.008394338724562
0.066238469743479
0.011948904182366
-0.018659868061159
-0.018389571414635
0.009939741906466
-0.050182778136304
0.005563024098039
0.066586222209252
-0.014386292318233
-0.008158356904493
-0.005668634872348
-0.003746929409423
0.003244131874537
0.016689818792950
0.032996665609472
0.034559875670018
0.040977839614908
0.004003335292468
0.004079888703509
0.025044916720239
0.004544854832600
0.001946846956836
0.007066922665955
-0.018863516937007
-0.028875350410543
-0.054127197885740
-0.028373513170498
0.021056029705187
0.036279105191667
-0.010067482239906
-0.014377806616741
0.066631670658378
-0.006271110345310
0.014765720538387
-0.000189604355645
0.042370594506140
0.043227896984023
-0.031044113197158
-0.007179270532388
-0.009818066817464
0.037553714521070
0.007181325946855
-0.037251322632345
-0.003939288981381
1.090367441808509
0.000742404853946
-0.004483694103508
0.006818508340873
0.016869038950710
0.015948554475126
-0.018996658932566
0.030386487967910
0.000702299833712
-0.003061806638463
-0.031620687009684
-0.009660570968043
0.042964805234301
-0.024851382434146
0.025828122154434
-0.046492812775903
0.005804276063067
-0.053505258962186
-0.033529456795953
-0.011433707709587
0.001187460780180
0.003025123917403
-0.030402837176823
0.012369615606972
-0.094584870223878
0.016486466569428
0.006898416450820
0.037892893914217
0.049794869741386
0.031428244209423
0.045145027714647
0.007819723219267
-0.031502176197967
0.005660800909277
-0.003167322145139
0.012015576173911
0.013421656374305
0.043630119761903
0.005694546675384
0.017013679682051
-0.000038004419115
-0.008793589949274
-0.000185559644569
0.024987769490480
0.005255894463803
-0.001545455822222
0.006960806745418
0.008679158147515
-0.006108856444042
0.064758970254187
0.021335940129819
-0.008387194760310
0.045376843783045
0.002887065038848
-0.032065845588716
-0.019968098587777
-0.019505915448693
-0.001231355221524
-0.072982380442104
0.005142727082911
0.001026952191915
-0.021121888188477
0.016202669546407
0.044161732030420
0.000742404853946
1.082049613465728
0.004748258741345
0.015938569316220
0.080744820033211
0.050665299849969
-0.050711995683473
0.008244248656626
0.021976824709406
-0.043613140079539
-0.033892485817311
0.032636199239235
0.027939371620645
0.032734475023095
-0.015627212311693
-0.028180280304152
-0.048134445810759
0.022719604054687
0.010682529458600
-0.000185773533961
0.002251789417354
0.027466795048414
0.021771999380135
0.012073389506245
-0.042852835117178
-0.002865221230468
0.020549283662686
-0.014544549429735
0.018397073257281
0.001317111030794
-0.000620003222312
-0.043818593386672
-0.007355004493465
0.014224731692847
-0.081205063942630
0.007013095966713
-0.020587661538839
0.066246379514160
0.012014934208313
-0.036348364525796
0.030647846523479
-0.009734310870218
0.030343994302564
-0.048693484702472
-0.008299589459268
-0.007996770295936
-0.028748983037581
-0.008283044621492
-0.004279416066533
0.046029682154644
0.012853380534527
-0.015832289150132
-0.008046745463930
-0.006753205452625
-0.048483839505148
-0.015259858072340
-0.018219900825929
0.015584647183738
0.001622970162927
0.066984056754865
0.016034832493744
-0.009594482883312
-0.015122229105558
0.018613033195482
-0.004483694103508
0.004748258741345
1.146779649585675
-0.029470865554991
-0.038220561075104
0.043843233613997
-0.011586215515511
-0.038851106690517
0.026630254334743
-0.004383624251915
-0.056392852582088
-0.050136822049012
-0.044945929427363
0.002481936299871
0.023748790256331
-0.024489143382077
-0.001269216640813
0.009156104314402
-0.002206306369936
-0.010908537818104
-0.031931403894947
0.016205592780588
-0.000554983354664
0.010257250953207
0.017756933825220
-0.024128095284900
0.009534629627136
0.058570310666985
-0.044413317947114
-0.001483428260366
0.051141643124217
-0.068325345489216
0.019178849970684
-0.007809319353797
-0.034133604005372
0.024516153291823
0.002439964119215
0.017659138027976
-0.003328997300575
-0.010675845974625
-0.029692940066344
-0.021502929370494
-0.019827102142485
-0.004776106817098
0.004725133571287
-0.019417324547707
0.017275146240207
0.061647379889982
-0.064771129645162
0.028560343527266
-0.034358797374087
0.077984399306720
-0.042624763181146
-0.031857062524340
-0.066642824591413
0.010572549321936
-0.016771565755911
0.025872539741644
-0.028222061478847
0.015466740476192
0.043209344717781
0.009082768253760
-0.097207543016321
-0.023284872395837
0.006818508340873
0.015938569316220
-0.029470865554991
1.069167286303821
0.010302699355112
0.016577295573226
-0.001038778551666
-0.021977584654882
0.027826533900386
-0.016057295977917
-0.014073627959565
-0.029112101599889
0.018077019655732
-0.017462385228373
-0.014145282970338
0.007102482935526
0.010806521482536
0.020101548218097
0.000339015670429
0.016570675754204
0.057333039160207
-0.063327808597902
0.031534826217285
-0.003389392550042
0.004821760230515
-0.041832639170359
-0.012402902448044
0.010372395410512
-0.009571171824055
-0.036557406922893
0.041039578925883
0.054551110326230
-0.005010059783607
0.011360975536851
-0.041517156966576
-0.056864769255644
0.022678987004451
-0.001509647994719
-0.035130630702875
0.003106270717144
0.025801267500600
0.001672390951495
-0.010890776755120
-0.024662689090794
0.005888806393213
-0.006286863894123
-0.041532546173727
-0.028684827775294
0.045544774754360
0.021238427492524
-0.025112653298998
-0.001152454942221
0.036717244415890
-0.009526887956983
0.005516629968055
0.023178341586600
0.001157646081269
-0.019510877157913
-0.041119900983594
-0.018948851661120
0.016305812915192
-0.026684744679651
0.030542246207199
0.032078046437643
0.016869038950710
0.080744820033211
-0.038220561075104
0.010302699355112
1.086457796734116
0.047821542228384
-0.021207057432276
-0.001563854826014
0.003464805049456
0.007981823463282
-0.068552547754494
-0.021086058466647
0.036873535285198
-0.010363579253708
-0.042329551329853
-0.017846103884783
-0.048986888454900
0.009639900260861
-0.045073404381415
-0.031502997044548
0.000172662186934
-0.008761636696509
-0.011577032961373
0.020889755883781
-0.040901405127420
0.014819292151199
0.009314462151034
0.013569183498885
-0.002391888246125
0.013841546128932
0.020055613566799
0.015441850806344
-0.010738151995329
0.034637989549300
0.022291608118948
0.018500499128718
0.001104898498651
-0.013001869570008
0.047851211787927
0.037784381238724
0.012794347077990
-0.035114292899372
-0.006737904433328
-0.013892133597826
-0.005876437910384
-0.000409482642598
-0.015706873000482
0.034190326011752
0.028004344749250
0.044908493167890
0.036870000846576
-0.014671146514630
-0.023004116652922
0.021520078115956
-0.046326353332097
-0.047857661418808
-0.038770881851449
0.012319322091573
-0.053226848832698
-0.059766798371512
0.000226869557326
-0.035941446407349
-0.016673410581370
0.073552649331216
0.015948554475126
0.050665299849969
0.043843233613997
0.016577295573226
0.047821542228384
1.095636534016741
0.019554328800336
-0.018792953855414
0.032286946575558
-0.056174735760689
0.045325758985920
-0.002493336269799
0.005427928744584
0.030334977341077
-0.033286426836728
-0.022594719099659
-0.045463854919302
-0.003808748620985
0.021762018808052
-0.000210649992316
0.037384293673025
0.011368794844962
0.016546782456131
-0.027921111994761
-0.006147221936948
0.006263332125256
0.002887035577415
-0.059280427432685
0.042263583247073
-0.024283745961718
-0.010447391228645
-0.007905218760114
0.010929841950274
0.015365447274617
0.025909764850043
0.076995726394835
-0.000935160388667
0.007590701069671
-0.011093383747984
-0.006327836372723
-0.013633954533057
0.026216796884523
-0.012329481039210
0.012493816407040
-0.019454739335614
-0.047313732040519
0.008986491812465
-0.009728525430440
0.014126461860718
-0.039909412287379
0.028573947277184
0.012754386187900
0.020378281980244
0.008034270748461
0.044444848702684
0.002798936179230
-0.010225365995979
-0.028726823786617
-0.022149012801929
0.006739041510535
-0.001448824427569
0.022679501514708
-0.015564608980210
-0.013166411809218
-0.018996658932566
-0.050711995683473
-0.011586215515511
-0.001038778551666
-0.021207057432276
0.019554328800336
1.033942477970509
-0.055157964425624
-0.011499566570648
-0.009646741995496
0.008001771216819
-0.000217066565283
-0.012112147985037
0.007581440753119
0.009445088083798
0.006053278392073
-0.003738214523987
-0.012204780225201
-0.001544946699275
-0.006568569725512
-0.041865603609185
-0.023668686954866
0.023065589120986
0.029435889688185
0.014019552255494
0.000283654035515
0.050234097986415
-0.006388597327645
-0.010071649130513
-0.009129977482669
-0.015010417241939
-0.020805325571267
-0.006335830086587
0.044116288218662
0.039476976079877
-0.081241220113757
-0.019128158195758
-0.041471715403881
0.014862734830051
0.049272821334492
-0.005736527611544
-0.032666933995531
-0.013758233486436
0.004048877936244
0.015188799658397
0.014574177162689
0.026469226353251
-0.024514343927734
-0.001238376875537
-0.011639283775275
-0.005543336087525
-0.040793533600002
-0.007395653558804
0.020593607599620
-0.024044989613840
0.024137313684936
-0.002738483233924
0.047193528982277
-0.000258853890304
-0.032540363931531
0.063063479896144
0.031013360139655
0.023951048730291
-0.001078756436060
0.030386487967910
0.008244248656626
-0.038851106690517
-0.021977584654882
-0.001563854826014
-0.018792953855414
-0.055157964425624
1.060690112699956
-0.027833389727401
-0.043854697246642
-0.029612385024622
0.017609294185473
0.001111852233401
0.012457057437945
0.018656470186541
0.036071904357739
0.036870112971771
-0.026735008074445
0.005692942394821
0.000871733227551
-0.022619543358268
0.050489588530060
-0.011414885203584
-0.006226036791518
-0.011192131077211
-0.019687354948450
0.014441881186367
-0.020810882827505
-0.015650930078361
0.056537186204293
0.022860437065714
0.021036308888885
-0.007429439697260
-0.031313227215113
-0.008833797282404
0.023242700631262
0.018071503720781
-0.015323479451639
0.040650391899602
-0.025216900312517
0.046065402404743
0.010738643008956
0.063450706931980
-0.014562626255719
0.017548322565050
-0.050234948406515
-0.000131177362798
-0.009032111050246
0.027390755697458
-0.016640553336382
-0.015439759976820
0.030769389715179
0.042920949538445
0.011645773887607
-0.010696075455410
0.023327824546465
-0.017239317824164
0.011148120758980
0.008024194483064
-0.009280307331562
0.012737460140105
-0.096189903776728
-0.018972065380802
-0.070692669333873
0.000702299833712
0.021976824709406
0.026630254334743
0.027826533900386
0.003464805049456
0.032286946575558
-0.011499566570648
-0.027833389727401
1.063672390452082
0.036175245671413
0.005343912160953
0.037433305656676
0.039513784805752
0.016988567496220
0.007505388587787
0.034351687245525
0.020370430912467
0.024466839484278
-0.033288217422534
-0.042076581695597
-0.012415600057330
0.001350837031986
0.004996232201282
-0.030288423078264
-0.020460285725997
0.014890692535921
-0.005057521665085
-0.000473207144257
-0.046454797542430
-0.014681194379303
-0.015379226288751
0.018849225098495
0.000019883015078
-0.026089191734745
0.012276282997606
0.033598178326149
-0.012483065446211
0.015300597536743
-0.047701346638033
-0.023956526003937
-0.024504579594680
0.051884634939045
-0.067217688317982
-0.055904215633229
-0.026734692627156
-0.045200623895531
0.089608315060252
-0.071969407574613
-0.010617016758710
-0.044568562430354
-0.022882817723685
-0.022574768986377
0.034155127474747
0.013719934933516
0.053224151583601
0.006412323134072
0.054228078668905
0.018044738783945
0.039540425292620
0.041937684480962
0.047047276862831
-0.002254496973766
0.064365100203316
-0.070037873631529
-0.003061806638463
-0.043613140079539
-0.004383624251915
-0.016057295977917
0.007981823463282
-0.056174735760689
-0.009646741995496
-0.043854697246642
0.036175245671413
1.055098121147345
0.037347768670974
0.006555607400224
-0.064211197255157
-0.000553496898760
0.049526863042670
-0.005153398345155
-0.037241462925433
-0.032347403788077
-0.035380662898219
0.007548980579444
0.005231470690945
-0.005397838449690
-0.037040433822668
-0.046295201994949
0.030371320441574
0.058533700139723
0.034809963081420
-0.009235795128037
0.014711113298567
-0.008874467152134
-0.015523005128953
-0.019604289038932
-0.017819612340411
-0.001657749119810
-0.026310669181647
0.037682525767525
-0.027217914837442
0.009391318441295
0.010557751828853
-0.012968998744966
0.005695197523444
0.026080831242885
-0.019982406451605
-0.057452834002955
0.022738450459432
-0.013958678222574
0.031405456308606
0.038288472209308
0.047781043940356
0.046960018501560
0.017595258944061
0.034760518311887
0.014747921318513
0.014845035363252
-0.028991001034509
-0.019967210676241
0.006963810295326
-0.005921137997120
-0.015509738224856
-0.015431796338789
-0.037898134969916
-0.001643337301745
0.034427806807018
-0.067763899135583
-0.031620687009684
-0.033892485817311
-0.056392852582088
-0.014073627959565
-0.068552547754494
0.045325758985920
0.008001771216819
-0.029612385024622
0.005343912160953
0.037347768670974
1.050599590746969
-0.059256513423278
0.022347061896999
0.015200192742778
0.054582621812884
0.026901455893468
-0.045738036302731
-0.005416626525112
0.022421570082396
-0.064605628103307
-0.035289242591976
-0.007883021462348
0.018332456994153
-0.054183634624416
0.030298991952469
0.023171437120253
0.036716546184385
0.038699058137066
0.037464463753264
-0.001307252233701
-0.030732680513868
0.008705243918103
-0.038797505371981
-0.057472047649702
-0.008358180105626
0.010157262626478
-0.022751388638057
-0.000022656117479
-0.017473629690996
0.006870207477763
0.053995337315247
-0.064048556603567
0.011412324700028
0.022988925067691
0.010757349575504
-0.009911632202192
0.039629923688510
0.028205986471091
-0.000748075509328
-0.008910611881636
-0.002825552472269
-0.019820020298884
-0.030708807268489
0.011104742870687
0.001127229892295
-0.007159678343258
0.016818664565784
-0.008187195005521
0.003933887474396
-0.034695576273218
0.000597490017028
-0.017159841049456
0.031790932125166
-0.007268025618749
-0.009660570968043
0.032636199239235
-0.050136822049012
-0.029112101599889
-0.021086058466647
-0.002493336269799
-0.000217066565283
0.017609294185473
0.037433305656676
0.006555607400224
-0.059256513423278
1.089323314398859
0.048602410826837
-0.023111716828944
0.016742892961376
-0.023451715787849
-0.021130818123060
0.057335066513916
-0.014671349587003
0.026952457387836
-0.010826689071625
-0.034190398504776
-0.028571513675159
0.038323189235770
0.028925855761442
-0.021180233357465
0.019183245162114
-0.003208476800760
0.033645412721608
0.008604629832569
0.028546773432086
-0.045567591947413
0.014521083660531
-0.016584377912821
-0.015254945755580
-0.008891168699348
0.053583404536120
-0.065165421544579
-0.002110096096874
-0.028556856815945
0.030303777813039
-0.013553577503080
0.050976691794774
-0.002480815871339
-0.010385259966232
-0.049311422644265
-0.039314264474618
-0.015148251256421
0.001129315305176
0.000952584958519
-0.048820656931307
-0.001329700784513
0.019888387041215
-0.008571291002483
-0.058269502966839
0.061416844449367
-0.048904666661268
-0.049936501744716
-0.085070355867847
-0.058707857418221
-0.053070650798241
-0.018612669293084
0.016615808161244
0.028356257927995
0.042964805234301
0.027939371620645
-0.044945929427363
0.018077019655732
0.036873535285198
0.005427928744584
-0.012112147985037
0.001111852233401
0.039513784805752
-0.064211197255157
0.022347061896999
0.048602410826837
1.132558241764098
0.023756414523446
0.026493519276039
0.029899130345071
-0.038968812995547
0.026464987888279
-0.010747606158140
-0.042133839241422
-0.018490972134839
-0.006134576222946
-0.034638925713738
0.011451500313998
0.014489646532825
0.056098894034074
-0.009655599725049
-0.043916328620132
-0.056119724873417
-0.012113763464622
0.007722958340277
0.019491273260705
-0.001421938641951
0.040155813048197
0.006999229848435
-0.041374233497037
0.003678267319206
-0.014194978438760
-0.001346227692648
0.057764474533778
-0.031431724479928
0.056509474348546
0.045223168639642
0.055063430554128
-0.001133819215594
-0.020733872780785
-0.015153431391786
0.023676806288783
0.016344814171916
0.022708772749034
0.016874465294528
0.083470643791198
-0.040190207681113
-0.033846832037006
-0.026301172855705
-0.012381702718829
0.029658672334636
0.008727521759710
0.000565390869635
-0.005761996832032
-0.006035017180357
0.058860051930934
0.028678242183335
0.016386332180346
-0.024851382434146
0.032734475023095
0.002481936299871
-0.017462385228373
-0.010363579253708
0.030334977341077
0.007581440753119
0.012457057437945
0.016988567496220
-0.000553496898760
0.015200192742778
-0.023111716828944
0.023756414523446
1.115454756589213
-0.030715972672589
0.003955472977038
-0.043759566769951
-0.007178849293442
-0.031068073833964
-0.002233440042948
-0.007454968080179
0.000234401916470
0.008884101268872
-0.036940616059240
-0.040261947922114
0.025290194436493
0.047699969767366
0.019925724141949
0.072061086593612
0.007653801432588
-0.028662837318992
0.020412045164745
0.069190918208646
-0.006299955360192
0.009982941705342
0.054866132983143
-0.062189079870642
0.026760746136191
-0.020437387744979
-0.002601244281874
0.046537323800273
-0.006297864045527
-0.029339583215725
-0.006349168967438
0.022108240631498
-0.071980381962583
0.007783247504561
0.004701724618585
0.006170791927179
-0.080650167262807
-0.037130581933676
-0.022309721394175
0.007879672091156
-0.019050865489541
0.003484315973191
0.002445763305659
0.039108136076308
0.026064819649776
-0.003025521348912
-0.006283863459516
0.019752163398901
0.016439161322625
-0.027808776115825
-0.066483113280278
0.025828122154434
-0.015627212311693
0.023748790256331
-0.014145282970338
-0.042329551329853
-0.033286426836728
0.009445088083798
0.018656470186541
0.007505388587787
0.049526863042670
0.054582621812884
0.016742892961376
0.026493519276039
-0.030715972672589
1.147938044124955
0.003505869979965
0.054546259255352
-0.018172404460117
-0.061658616759136
-0.010258769533938
-0.039091927141281
-0.035980747203539
-0.004014780547065
0.037568368625122
-0.020565013782781
-0.019462330077566
-0.039048764393536
0.041005871353254
0.025681559069625
-0.016011874922373
-0.014667417173003
0.006079333091054
-0.062333242058911
0.016687235186650
-0.016909932430633
-0.020230276505511
0.004184038427241
-0.019226801961480
-0.058339524883380
-0.016144002075822
0.009911136282692
-0.022707618907264
-0.020604358948497
-0.026467262016846
0.014934769200073
-0.013780242327662
-0.057162599524895
-0.008420920026533
0.022765568908903
-0.032690228270654
-0.038689894101914
0.006796165166094
0.020132372059177
-0.003805144211052
0.026658131563711
0.021975211512381
0.021947347893744
0.040390542447791
-0.015480358890407
0.040429093082706
-0.029052178869664
0.014783723013378
-0.048263528940285
-0.025444988260082
-0.046492812775903
-0.028180280304152
-0.024489143382077
0.007102482935526
-0.017846103884783
-0.022594719099659
0.006053278392073
0.036071904357739
0.034351687245525
-0.005153398345155
0.026901455893468
-0.023451715787849
0.029899130345071
0.003955472977038
0.003505869979965
1.058751172472564
-0.012150064071388
-0.028126921525454
-0.018649911892015
0.041937260214888
-0.024901987333275
0.023219095552025
-0.007054633323325
0.005143805744668
0.055922229113860
-0.070639271129176
0.014208139400970
0.002453765793785
0.015380943774919
-0.020288926571598
-0.015655788607460
-0.030951909982314
0.026093679774027
0.004798053070568
0.032190203465182
-0.038364454005337
0.005509857170017
-0.001393159070189
0.003257355708106
-0.036303196678243
-0.012698646164849
-0.010004467989886
-0.007917304483875
0.006715452019279
0.041514668021633
0.020701283198534
-0.002786579182918
-0.015516639427490
-0.021700542470432
-0.007570472066072
-0.004802399228031
-0.022963717082100
-0.014308975582054
-0.006427593233311
0.031268655315726
-0.008536229415445
-0.007457988627037
0.048526242272717
-0.014679153662721
-0.012065994369447
0.015286493313055
-0.012568316837517
-0.037802959371387
0.001278762625085
0.005804276063067
-0.048134445810759
-0.001269216640813
0.010806521482536
-0.048986888454900
-0.045463854919302
-0.003738214523987
0.036870112971771
0.020370430912467
-0.037241462925433
-0.045738036302731
-0.021130818123060
-0.038968812995547
-0.043759566769951
0.054546259255352
-0.012150064071388
0.955346550191605
0.097401382655961
-0.005194930848853
-0.073964188420042
-0.069676374794712
0.001211908929748
0.018215242586794
-0.020379045995880
0.057242467559213
-0.018123298144281
-0.001187052914390
0.007675725979738
0.029643918493710
-0.016355915222898
0.014061483816151
0.001540132684952
-0.006655368090232
-0.027225947749534
0.011659840761559
0.034383894489782
0.042174843437774
0.052799236336518
0.044090651637892
-0.011065804969366
-0.016246146867735
-0.025717144555909
0.013403147033380
-0.036742870742951
0.002208376533208
0.055519358289189
0.036314874768875
-0.067498098743637
0.019559115302579
-0.007875156115831
-0.020368228820111
-0.009866833278122
-0.018952976908081
0.022595219151326
-0.043678280900869
-0.051915717363043
0.007310280111369
-0.033937721334593
-0.045045768428372
-0.039948164324984
0.012437544421536
0.023445426956765
-0.007573539635047
-0.009676394835840
-0.053505258962186
0.022719604054687
0.009156104314402
0.020101548218097
0.009639900260861
-0.003808748620985
-0.012204780225201
-0.026735008074445
0.024466839484278
-0.032347403788077
-0.005416626525112
0.057335066513916
0.026464987888279
-0.007178849293442
-0.018172404460117
-0.028126921525454
0.097401382655961
1.070098559583984
0.001803149453228
0.038066023267872
0.003345389753854
-0.058050580160624
-0.033667977263956
0.046410366170408
0.047424809965108
-0.013812538252433
0.013074586033791
0.000517112557301
0.029342191755636
-0.012986816646574
-0.014413680523947
-0.040341511111460
0.012382293951113
0.007259722591371
0.023071916453017
0.009777623739957
0.018777726896499
0.014459723982778
-0.069938134524179
-0.013460660196496
-0.021520000965105
-0.033111062178710
-0.010791961264167
0.007951037242198
0.015685222387698
0.024234895725555
0.045587427718432
-0.051399921851439
-0.007541884152013
-0.024352302355184
0.010713616869537
0.021652256213733
0.021007721033380
0.016390267349248
-0.025180974311947
-0.009184162589914
-0.012634059349764
-0.045847379287722
0.008314805016851
0.005600716203081
-0.000569252016342
-0.039693167613565
-0.052165340286235
0.039976761332583
-0.033529456795953
0.010682529458600
-0.002206306369936
0.000339015670429
-0.045073404381415
0.021762018808052
-0.001544946699275
0.005692942394821
-0.033288217422534
-0.035380662898219
0.022421570082396
-0.014671349587003
-0.010747606158140
-0.031068073833964
-0.061658616759136
-0.018649911892015
-0.005194930848853
0.001803149453228
1.056994045484909
