0.972336837319845
0.025190062432413
0.002552783345885
-0.014876342463598
0.035629170234305
-0.003599461319150
-0.053870528670815
-0.067595951017215
-0.040320758739096
0.042960206249859
-0.019478075931388
0.011547292959267
0.033402502739740
0.001835182977166
-0.036202421138361
0.048121942480531
0.002472222243088
-0.028811785957201
-0.057811361838004
0.038473159536016
-0.043739359126651
0.005268973445892
0.015580376678825
0.010407380005057
0.035052219036402
-0.024422141341384
-0.001406746517378
-0.018245206151823
0.012440716263175
-0.015367680830757
-0.013151577306516
-0.024888098517926
-0.004716874965422
-0.000031881338852
-0.044545833511456
-0.045677584431440
-0.005679575975718
-0.026615613685660
-0.023525648090255
-0.006679014832563
0.023985966112592
0.008199425640828
-0.003828642100031
0.011797330108643
0.032242388884720
0.006578197542109
-0.008185157793650
0.013405418278237
-0.005363295813492
0.025987431565137
-0.039616828543469
-0.004004877496019
-0.005211343553253
0.005189218428486
-0.035435981271997
0.027242764113447
-0.047439611588002
0.022053938283684
-0.041980928253683
-0.003720953677039
-0.011773521102108
0.049748275865699
-0.079930843973158
0.040387991787917
0.025190062432413
0.989783684331581
-0.051954181906545
-0.045018094116978
-0.012153198379323
-0.011422379974632
0.051400461555684
0.031452151828220
-0.023927603165464
-0.011988210303356
-0.011203700023073
0.021710629071954
0.037908020876240
0.044238273503325
-0.027100201339880
-0.026614667934057
0.003557535197748
-0.006910481958334
0.053535334886725
0.003801547711767
-0.005027133125473
0.020678152891937
0.001722932655695
0.011938563366492
0.012849354282879
-0.036980443012655
0.011331781132564
-0.011521931465310
0.021328713506553
-0.011179563819052
-0.002198996935491
0.030681755502248
-0.025521212694770
-0.021951406686789
0.046501850879494
-0.048447082491933
-0.007981937125447
-0.002359348937964
0.017078150078174
0.016437778909733
-0.034083645962372
0.013494983175897
0.045924651870057
0.010106133928430
-0.052935044376188
0.073055367173709
0.001660864314915
-0.001736505015854
-0.033391065087131
0.060807301782311
-0.008391435519436
0.041001419150271
-0.049708812074029
-0.015092798530733
-0.017018064739261
0.000626803835952
-0.034623078210843
-0.009016811712385
-0.020519542131219
-0.014678940194653
-0.022912118074144
-0.006846510462404
-0.068771067701217
0.009493505080255
0.002552783345885
-0.051954181906545
1.021188804299393
-0.059142011740171
-0.007343824116985
-0.011137311927860
0.020448452824753
-0.058762528181909
-0.020114679697604
-0.001691429289271
-0.007003541638282
0.005003305506908
0.028826855700781
-0.010426739854581
0.070577458798959
-0.010850875421331
-0.006567880804643
-0.022734403994583
0.034999544916462
-0.011921304359195
0.044057346504883
-0.015780457233964
-0.017724257967719
-0.001393113916609
0.007087213242778
0.000301836810706
-0.044031460029780
0.025727919926343
0.057254612940279
-0.029204298218947
-0.026781179700586
-0.011475339797388
-0.010929620448900
-0.011077746598987
0.009246074284922
-0.047706627716978
-0.007870368369143
-0.020234962494885
-0.014841293685760
-0.017055557569869
-0.010468789953064
-0.003337239484323
0.006172828634717
0.012805586459196
-0.010255431500891
0.014781731118695
0.005515789297458
0.021899770120805
0.006165223972445
-0.061449935658742
-0.014529734050710
0.011031712750569
-0.024155223973470
0.057133448056754
-0.001146172282505
-0.005184308779308
-0.013043331745474
-0.031710422238148
-0.021520006581807
-0.013555917031227
-0.040151845947707
0.023292794362359
-0.004745751083085
-0.062293916963819
-0.014876342463598
-0.045018094116978
-0.059142011740171
1.019676738103737
-0.010243376570424
-0.031495499140748
-0.015065973502324
0.019697129827395
-0.000337350416889
-0.015671809642533
0.050705576616806
0.015392620742984
0.018709062633381
0.009091453560389
-0.085782905495161
-0.017156279864240
0.043415685970685
-0.005065692053611
-0.010200096661560
0.003221483723690
-0.017489925036954
-0.024364446120063
-0.030562583862037
0.005278898985260
0.016816618478276
-0.025619456595998
-0.000528017630848
0.016165721305389
-0.027049072410301
0.026284991664285
-0.043651175257058
-0.024396649583852
0.029079684049798
0.005374442952058
0.058633573458043
0.013859586345716
0.043508281961227
-0.005699780127257
0.057959549661184
-0.044647417263153
0.021192626207350
-0.006007648935566
-0.028328103937401
0.019047399783626
0.007249975062115
-0.019714664063740
-0.036105398015731
0.029339038013158
0.001123255232178
0.036591614965789
-0.010571432922664
0.017833473917395
0.027050722481776
-0.025559419371543
-0.007396563248653
-0.026190811838606
0.014594367239857
-0.031558007704302
-0.025848466328000
0.000804361610225
-0.009904789123125
-0.006050103533865
0.014684991282827
-0.034629060628231
0.035629170234305
-0.012153198379323
-0.007343824116985
-0.010243376570424
0.948362386417834
0.001293660143971
-0.048561995493508
-0.023308418492279
-0.011386918847632
-0.030512464935988
-0.013089819693652
0.011876262161427
0.015027259590631
-0.031591857233308
-0.019028426277569
-0.035670071212753
0.016211284377559
0.044074179232773
-0.002830882963002
-0.020145263162179
0.057464761263323
0.005941931053288
0.004972331863611
-0.000125836783458
0.054796192414567
0.014583556488623
-0.019682512590458
-0.017562227282586
-0.007275981956748
-0.050446742046292
-0.061989142271307
0.051034017871111
0.014958891881107
0.008487705642158
0.021101795750230
-0.030624537292691
0.006921899337996
-0.049724956184050
-0.036252457170437
0.040417604266184
-0.030253247015764
0.002576433146576
-0.021162098232669
-0.033759651096197
0.068250405066482
-0.022670150276749
0.013708483545948
0.016914394577698
0.006003111787696
-0.008797410459011
0.018638015398655
-0.028018476728201
0.030467231813391
-0.009056515354004
-0.011112250124491
-0.034202739577391
-0.055121894604058
0.036831816761808
0.008439640156868
-0.027351710352588
0.039549076047733
0.008083213272993
-0.015936748423966
0.031200465233365
-0.003599461319150
-0.011422379974632
-0.011137311927860
-0.031495499140748
0.001293660143971
1.002413149074163
0.025545601192730
0.007246205892486
0.038535012481162
-0.052642798026928
0.001775049602251
-0.006324231327995
0.011750770768939
0.025423533134875
-0.005347437957796
-0.016739275812760
0.020369787014392
0.008873049257155
-0.004573526677377
-0.039192281188201
-0.027233339355953
-0.027276427403087
-0.059163820242169
-0.007269534083265
0.003003542127463
-0.021162398597076
-0.044173592240776
0.007460503915118
-0.044589049454490
0.013292373820424
-0.012424983050825
-0.014719665859043
0.028918788711759
0.020195338736560
-0.034764329993216
0.006269435116656
0.007891630964276
-0.073359349513480
0.021767214409024
0.081995526535060
-0.000989626975868
-0.023474855142706
-0.034592319927215
0.000551045162426
-0.004423794460469
0.012301333363016
-0.096073323836194
-0.031147432583254
0.012958518506044
0.023361847427854
-0.038282255735160
-0.006212713581363
0.019126405405228
-0.022554579264202
-0.029571254173249
0.040329946670749
0.037514048495437
0.024307478993242
0.029400501270413
-0.047716106177874
-0.024991599280620
0.056639312154480
0.057245833093045
0.038487983244153
-0.053870528670815
0.051400461555684
0.020448452824753
-0.015065973502324
-0.048561995493508
0.025545601192730
1.019365877148785
0.039692543958183
-0.026297418661301
0.030633306580648
0.018880603492623
0.015713716450849
0.057800216355137
0.036054629087699
-0.019617794333548
0.006295955120041
0.047027011123459
-0.015847685294742
0.010900705578976
0.015148456968293
0.006676002500571
0.030119026987679
-0.007758845057392
0.011364212666538
-0.005982731822748
0.012458050154428
-0.022090545256484
0.029457049491285
0.049441342720649
0.008552977550339
-0.073094159485969
0.017316853541317
-0.026778056158396
0.024331765921516
0.020655977629439
0.004832785529434
-0.007390450628412
-0.011575929750357
0.026792435531455
0.030608628472403
0.001638919238783
-0.018425313120197
-0.005782490666833
-0.043819087973239
0.009192204100784
-0.052188097016056
0.019922884682785
0.006172739840841
-0.011949492078027
-0.036189457878268
0.009103291861668
-0.005779562740738
0.012803592748067
-0.034776506310851
0.012787170937947
0.053973635989991
0.016471758296298
-0.014435479837891
0.058056076170518
0.005673985432316
-0.017116671690878
-0.062201285751998
-0.011034849092725
-0.017678277802859
-0.067595951017215
0.031452151828220
-0.058762528181909
0.019697129827395
-0.023308418492279
0.007246205892486
0.039692543958183
0.984079000785931
-0.011110787439893
-0.002898984068478
-0.018194956098316
0.000793636969351
-0.029743150218753
-0.000710564762648
0.001421439298818
-0.003493652770619
-0.030069922612126
0.040495357395115
0.015554328877735
0.061630014584719
0.009492955842336
-0.014597774591083
0.049360257683539
-0.024280937430073
-0.063124043362232
0.008185632311372
-0.026736050328608
0.037681395064093
-0.005400024423639
-0.006593792683454
0.001542362210855
-0.011400532129087
-0.014224863029869
-0.026295706219758
0.015855006399802
-0.066502840943759
-0.017203353504208
-0.020489163081051
0.037472327008105
-0.033884012101705
-0.001105396383848
0.002885877275152
0.019855561454053
0.017671766195406
0.030542773631164
0.005932347743852
0.005083772720198
0.019580025042415
0.010391472038520
-0.007499590993593
-0.003756608204572
0.005099411897565
0.041003688502176
0.026859163718483
-0.013198057057740
0.032400276016499
0.039291803335077
0.012410554164904
-0.015951099538340
0.049592269220617
-0.034870752791919
0.019400319641686
-0.021588811919243
0.019781017788220
-0.040320758739096
-0.023927603165464
-0.020114679697604
-0.000337350416889
-0.011386918847632
0.038535012481162
-0.026297418661301
-0.011110787439893
1.008837192168011
0.051995846341352
0.066703980792865
0.010527620785670
0.013357362882252
-0.033398127317820
0.047467836372786
-0.036454075802908
-0.015396740580648
-0.035445442149130
0.003119078890554
0.020081343647343
0.038062685346676
-0.022575861263907
0.055192275430393
0.050458310607710
-0.021106999730704
-0.011364979850489
-0.043742018112124
-0.002450189777163
0.012244880596319
0.000120882867701
0.046994388837526
-0.059629014859918
-0.007609183546779
-0.004479138602188
0.015432854038489
-0.051346837129063
-0.008009963618927
0.011064741098268
-0.035243947429652
0.004313929601672
0.035229960300630
0.019311960319018
0.060760319763131
-0.018507112493030
0.062023755615766
0.069909829650623
0.034125312116479
-0.021521164327440
0.059714472077984
0.004833622823737
0.013912796877596
-0.056678384832543
-0.018523351111194
-0.020310752007748
0.010066829958695
-0.004997504033094
0.042414669499080
-0.014879349057689
-0.052601936832975
0.024863091800949
0.048833750141505
0.012054414981344
-0.001005192948612
0.009943810367439
0.042960206249859
-0.011988210303356
-0.001691429289271
-0.015671809642533
-0.030512464935988
-0.052642798026928
0.030633306580648
-0.002898984068478
0.051995846341352
0.992769948608524
-0.016185144019792
-0.070654765009890
0.004480738277549
0.054772169945656
-0.036156472886024
0.032768180445800
0.032133422096330
-0.031553799345165
0.018775579880349
0.000313067644801
-0.023556350788039
0.025021656830142
-0.022523149688239
0.000130132313904
0.034005740701128
0.020962904611243
-0.040044666250143
0.004226419940943
-0.058316262441774
0.014938717530866
-0.010305252072978
0.009618998320731
0.001704248966147
-0.024951923249704
0.036673099035165
0.024510101762805
0.024653735098252
0.010265615640203
0.051108591609918
-0.023289411360545
0.000161955695566
-0.022122450935860
-0.021566366459802
-0.007854012632254
-0.004468305048025
-0.015194409898077
0.051587585162088
0.025480696049131
-0.040938483909320
0.001833228482586
-0.005586572190094
0.044157876765180
-0.008427609930437
-0.022651242517485
-0.049755243649173
0.017823691132358
0.028424880361461
0.034770652626455
-0.048755775473220
0.051496641576097
0.024396950890353
0.007098445893077
0.034081263038595
0.025662688044811
-0.019478075931388
-0.011203700023073
-0.007003541638282
0.050705576616806
-0.013089819693652
0.001775049602251
0.018880603492623
-0.018194956098316
0.066703980792865
-0.016185144019792
0.991763435256241
0.014653247781033
0.016759564636522
0.005162427299203
0.043021975914348
0.014284611764268
0.016015858781049
-0.056355814597143
0.010061939972229
0.028877303273670
-0.039690347667790
-0.042171542411828
0.014377816319770
-0.033990572979877
0.046555746511827
0.014134017068820
-0.010671108492093
-0.015807329104675
0.021340070887299
-0.049049432388932
0.000660076641009
-0.054087303436629
-0.022353285583600
-0.045888233374285
-0.000816844430627
0.033330498887018
0.039460836060798
-0.025006601545427
-0.033368599125344
-0.048786801933786
0.023382370495258
-0.022072703799562
0.028099536561172
-0.039710968063728
-0.022416897124425
-0.014338366192065
0.033619176756113
0.000403223060351
-0.024463400934078
-0.042354335042988
0.013688399916042
-0.025152749948655
-0.005400588411667
0.073270380770406
-0.014516552069843
-0.005529858505193
-0.010639669497550
0.011389931423473
-0.021049068580235
-0.000336814923567
-0.028902465237448
-0.026735680815058
-0.015068447753958
-0.011716566721220
0.011547292959267
0.021710629071954
0.005003305506908
0.015392620742984
0.011876262161427
-0.006324231327995
0.015713716450849
0.000793636969351
0.010527620785670
-0.070654765009890
0.014653247781033
0.932667766749897
-0.012111995989380
-0.006176059073563
0.008479114655439
0.019931973053727
0.035683450073989
0.004859598188602
0.054923769500237
-0.035650376573547
-0.017901195007741
-0.053356725245547
0.003054534116324
0.023730533402569
0.011367505437071
0.006891150618504
-0.038319910317958
0.034422972400878
-0.007247256262754
0.004260351713689
0.045434091995237
-0.040547769749193
0.026684330006595
-0.041771888570132
0.066180113954544
-0.010991532862570
0.000064494332600
-0.008547438291493
0.045998765706577
0.018643250761018
-0.020115482394885
-0.048666365439302
-0.020208165365367
-0.023712051441252
0.046070491964513
-0.014804115858544
0.040405164119878
-0.002931288482047
0.036664463373370
0.034800043461500
0.012453659446461
-0.005366449532081
-0.005027385379652
0.020397555536729
-0.013035701042114
-0.015586544114883
-0.032662728149301
0.031772516269318
-0.002702777673478
-0.020071218873436
-0.015523400021366
-0.015625939937804
0.016866039878631
-0.022672233814325
0.033402502739740
0.037908020876240
0.028826855700781
0.018709062633381
0.015027259590631
0.011750770768939
0.057800216355137
-0.029743150218753
0.013357362882252
0.004480738277549
0.016759564636522
-0.012111995989380
0.991797966634787
0.033587624800273
0.020090914081903
-0.018496404296347
0.013158192139661
0.099425480403262
0.041656884715554
-0.006201020527573
0.021359519960748
0.001740674410005
0.000356758929442
-0.026152411077070
-0.107108597647868
-0.005500455161493
0.024269054668861
-0.024436141206744
-0.033820701525772
0.021613367490520
-0.011558283412798
-0.034973609397081
-0.019023418079688
-0.012844019731664
0.013978040595163
-0.008853578780946
-0.012237475742100
0.003827217871848
-0.019742244762350
0.017619454217821
-0.042841408524252
-0.017805537225903
-0.004477464306120
0.070524930694421
0.002095560048350
-0.006404160037732
0.003738456649866
-0.062669965895669
-0.058238802035468
0.040227882875920
0.019679393135588
-0.009188453421374
-0.022723742807615
0.029549016726237
0.001180864647927
-0.037099124990046
0.012507400411370
-0.061448455720861
0.030987510707809
0.038699007481783
0.012929672790238
-0.027197636292154
-0.007102148726932
-0.036393752925105
0.001835182977166
0.044238273503325
-0.010426739854581
0.009091453560389
-0.031591857233308
0.025423533134875
0.036054629087699
-0.000710564762648
-0.033398127317820
0.054772169945656
0.005162427299203
-0.006176059073563
0.033587624800273
0.989287969792590
-0.065344676825965
0.002200968771062
0.036013402150677
0.004559875017725
0.031406782934937
0.013131707180566
0.024944703891207
-0.012194003935745
0.039476487898289
-0.016249864397611
0.036899118598530
-0.027190604295493
-0.019561231149208
0.042284559892399
0.064132200019821
-0.017272827202894
-0.034809759096670
-0.056496066827756
0.004944409251288
0.017781207479248
-0.060739433919887
0.026136117409329
-0.005763667988745
0.004023252969321
0.040280203645885
0.004422060344651
-0.030437385309900
0.011093202621337
0.046563506534851
-0.026949678316908
0.059967759871466
-0.006618370113918
-0.032982097270393
-0.001843572958274
0.016615532167935
-0.002084566673482
-0.003468398896458
-0.000253869394791
0.002775923420560
0.007086803198445
0.000221052457769
-0.021834684319148
-0.049854375222104
0.030023452272441
-0.008222218460157
0.057237085769726
-0.062134286231822
0.023891571992426
-0.007713980806323
0.020300520662645
-0.036202421138361
-0.027100201339880
0.070577458798959
-0.085782905495161
-0.019028426277569
-0.005347437957796
-0.019617794333548
0.001421439298818
0.047467836372786
-0.036156472886024
0.043021975914348
0.008479114655439
0.020090914081903
-0.065344676825965
1.038293955264656
0.034265260595685
-0.042392303323674
0.018624115250831
-0.004821350054078
0.003767259039479
0.035446871941758
0.015696759438451
-0.006441079242056
-0.064049641019231
-0.008099211875426
0.024912030178254
-0.004504243740577
0.009651674394859
0.040726056179586
0.059638832742984
-0.038728570860395
0.006244992842622
-0.026524266476360
0.023100374501753
0.044499156871703
0.000021932234753
-0.031251664189216
-0.011450399962676
-0.007484618330367
0.043487903140412
0.055675689537014
0.041478760132980
0.065212040190544
0.049114179106790
0.005431977733158
0.010590890100068
-0.001659896657712
0.021919441535645
0.004704452704544
0.018838571230646
0.030958892063592
0.022814049122485
0.035031081799245
-0.030199106790576
-0.037016108142216
-0.002919811493181
-0.058363250227278
0.004831033173668
0.038272897645774
-0.001047561915844
0.010767618161908
0.013882334381751
-0.028349549598992
0.017248470627069
0.048121942480531
-0.026614667934057
-0.010850875421331
-0.017156279864240
-0.035670071212753
-0.016739275812760
0.006295955120041
-0.003493652770619
-0.036454075802908
0.032768180445800
0.014284611764268
0.019931973053727
-0.018496404296347
0.002200968771062
0.034265260595685
0.980482989522666
0.014570576177851
-0.012643591499191
0.027215487782395
0.021911322773195
0.043463663855002
-0.026624572094282
-0.020613229056204
0.006321558433054
-0.000163285708857
-0.019369539407871
0.004269215158162
0.033403882369081
-0.052136281368220
-0.030527967992990
-0.019118468427638
-0.034712021268801
-0.054182476653333
-0.041982663697798
0.092720375793067
0.004605703324822
0.030790601237007
0.003144792505061
0.043418797337439
0.042892385019896
-0.012774942183496
0.043000166943679
0.029595238566882
0.015232190955214
0.021826778281718
0.041716287609863
0.003556973178030
-0.094018320358710
-0.032195169162823
-0.041681923409600
0.032541353103689
0.026002583654428
0.017872954038927
0.001224984565751
0.009007582293347
-0.033345108121933
-0.018283868464709
-0.011950242928048
0.013454687663761
0.010965905222664
-0.008612737437143
0.024436364094465
0.011625073700403
0.021863661781875
0.002472222243088
0.003557535197748
-0.006567880804643
0.043415685970685
0.016211284377559
0.020369787014393
0.047027011123459
-0.030069922612126
-0.015396740580648
0.032133422096330
0.016015858781049
0.035683450073989
0.013158192139661
0.036013402150677
-0.042392303323674
0.014570576177851
1.074166131624429
0.008897163788053
-0.018468323592881
-0.004051431628798
0.029645163007284
-0.010695182998173
-0.024067364616187
0.027082662799968
0.051711635743078
0.051980126565651
-0.031710727205240
-0.019207991139254
-0.035566640088988
0.023651826096979
-0.038583339289854
-0.025731894106834
-0.048699135229788
-0.024224866276318
0.046926205505219
0.027106958009617
-0.034822034358947
0.066240443504202
-0.029090007734902
0.019756218244905
0.028109756205994
0.056687181676866
0.003665875827440
-0.046945859624210
0.022794304221094
0.044946663240073
0.031589598028979
0.011495308484241
0.034026791514502
-0.063261264269739
0.016125384965368
0.078380048891564
-0.078653971092950
0.025951664716178
0.032152793566864
0.046817979944817
0.004230286650285
-0.004373193404992
-0.049458727035785
0.045573996985368
-0.018385098655782
-0.045489909974078
0.036394104429437
0.005406830098742
-0.028811785957201
-0.006910481958334
-0.022734403994583
-0.005065692053611
0.044074179232773
0.008873049257155
-0.015847685294742
0.040495357395115
-0.035445442149130
-0.031553799345165
-0.056355814597143
0.004859598188602
0.099425480403262
0.004559875017725
0.018624115250831
-0.012643591499191
0.008897163788053
1.027681026977982
0.018631059992499
-0.029972137220669
-0.009568746835859
0.010596963804748
0.020415495323616
0.041931686249823
0.018116016123981
-0.036121548329392
-0.034600392201904
0.043074951873267
0.018608647905942
-0.009966453266260
-0.000874651203958
-0.041175145523396
-0.034419294731169
0.017461172736178
0.043133605021489
-0.024633028603595
0.004501327400007
0.017194973204522
0.016990557256317
-0.019033118663967
-0.013754997595657
-0.002957319119990
-0.019024129761704
-0.060416050728810
-0.015306628004512
0.042701222916050
0.015157859361332
-0.016904263404280
-0.005515257253535
0.009098082487025
-0.002775456998730
0.000394675225845
-0.020870185837219
0.009037900159711
-0.006775289152234
-0.019831071948451
-0.031904180463990
0.054171132212734
-0.005750667748952
-0.072067246573459
0.000596217258038
0.006859395194819
0.042603044141546
0.013688659379712
-0.057811361838004
0.053535334886725
0.034999544916462
-0.010200096661560
-0.002830882963002
-0.004573526677377
0.010900705578976
0.015554328877735
0.003119078890554
0.018775579880349
0.010061939972229
0.054923769500237
0.041656884715554
0.031406782934937
-0.004821350054078
0.027215487782395
-0.018468323592881
0.018631059992499
0.958151662793790
0.036185485825316
-0.018566324329703
-0.001248093706605
-0.014886476428155
0.018370552639008
0.027103499971755
0.006997388616251
-0.012115096547646
-0.018551880012050
0.021935065353549
-0.010512991924851
-0.021893483512384
-0.004942964383689
-0.033065130927444
0.036354211668913
-0.005241206939281
0.011001306116885
0.013036252297770
-0.015597143543595
0.005029231876243
0.000336243087000
0.017673473450842
0.019815235473777
-0.008113569304387
-0.035042620922017
0.008912139911813
0.011289943235038
0.041082955964891
0.074082780205481
0.024655817000826
0.004699677403977
-0.024897289835279
0.007376265701056
-0.034179422737773
-0.028715850767807
0.019735571952879
0.032086964439354
0.012136609132637
-0.065944029074061
-0.008490639775892
0.022538511412610
-0.006635130060398
-0.006403131402764
0.057055976896441
0.022376526048179
0.038473159536016
0.003801547711767
-0.011921304359195
0.003221483723690
-0.020145263162179
-0.039192281188201
0.015148456968293
0.061630014584719
0.020081343647343
0.000313067644801
0.028877303273670
-0.035650376573547
-0.006201020527573
0.013131707180566
0.003767259039479
0.021911322773195
-0.004051431628798
-0.029972137220669
0.036185485825316
0.955999989903585
0.012992471278804
0.021541177147284
0.012431087812677
0.006021404808393
-0.015981020647282
0.003548420337079
0.041234776284236
-0.039990669451259
0.013098431508625
0.021078436588704
-0.010559514752265
-0.014514108993426
-0.007677673276210
0.015584898616866
0.044799824255499
-0.097218901905363
-0.011335222017961
-0.014778328667741
-0.059579520700279
0.006484780734263
-0.003090469966122
0.029306675721623
0.005195266201445
-0.016384524481078
-0.011829735568639
-0.006392410956010
0.000844400197454
-0.005904148213581
-0.008200105276196
-0.048226869128645
0.047158200031344
-0.009205533382708
0.016669605304815
0.040232568823357
-0.038195501479470
0.000555142338834
-0.027661634460716
-0.003180480217225
-0.001862268156212
-0.034201066153615
-0.059656156403932
0.000103775922922
0.039349887420212
-0.087837384082432
-0.043739359126651
-0.005027133125473
0.044057346504883
-0.017489925036954
0.057464761263323
-0.027233339355953
0.006676002500571
0.009492955842336
0.038062685346676
-0.023556350788039
-0.039690347667790
-0.017901195007741
0.021359519960748
0.024944703891207
0.035446871941758
0.043463663855002
0.029645163007284
-0.009568746835859
-0.018566324329703
0.012992471278804
1.067714202485027
-0.008014587451910
-0.007034921123909
-0.011480137165740
-0.007587054605015
-0.006823679537688
-0.010260851809468
-0.022655346631150
-0.008008976935679
-0.043461012884390
-0.027092167533824
0.033271857150845
0.045643873045836
0.038062023503457
-0.012484099692674
0.008828935350194
0.021944937799008
-0.000684998366746
-0.026894329193201
0.052651125974433
-0.048709356146431
0.013167934800288
-0.040830799680645
-0.018304417952173
-0.022224229492971
0.012931741822210
0.011218017320615
-0.028645000200221
-0.016292935139518
0.008154505018364
0.031620658176111
-0.009607762385834
0.048769120673214
-0.033055414310935
-0.027542592643532
-0.005573094354877
0.012977385272404
-0.032906552010920
0.060105134055060
-0.003615346104229
-0.014504343283019
-0.034696756268548
0.000831532464984
-0.018795992436077
0.005268973445892
0.020678152891937
-0.015780457233964
-0.024364446120063
0.005941931053288
-0.027276427403087
0.030119026987679
-0.014597774591083
-0.022575861263907
0.025021656830142
-0.042171542411828
-0.053356725245547
0.001740674410005
-0.012194003935745
0.015696759438451
-0.026624572094282
-0.010695182998173
0.010596963804748
-0.001248093706605
0.021541177147284
-0.008014587451910
0.966848484149837
0.019949133544399
-0.013329347032191
0.001654438913005
0.017133559505018
0.015009844107028
-0.075076187619037
0.045806915432474
0.003056689460279
-0.038603100691075
-0.021594734913902
0.041483722072738
-0.005566792776244
-0.057766056700216
-0.026633057880981
-0.007603807777428
0.021116244041523
-0.075202654767453
0.009489531575412
0.013368735520693
-0.003169381733311
-0.036893655193102
-0.056499787700445
0.017187808857566
-0.009307744494710
-0.000436836741370
0.030319385707148
-0.033281828681789
0.022644826604175
0.011135128928903
-0.016050050587279
0.007724615348704
0.050412139178863
-0.013185907592155
0.011885238260871
0.056733265941392
0.023752522307940
-0.042406605832632
0.040027396106956
-0.001452393529474
-0.008956867288413
-0.015723224603906
-0.025980024446562
0.015580376678825
0.001722932655695
-0.017724257967719
-0.030562583862037
0.004972331863611
-0.059163820242169
-0.007758845057392
0.049360257683539
0.055192275430393
-0.022523149688239
0.014377816319770
0.003054534116324
0.000356758929442
0.039476487898289
-0.006441079242056
-0.020613229056204
-0.024067364616187
0.020415495323616
-0.014886476428155
0.012431087812677
-0.007034921123909
0.019949133544399
1.060417457916272
-0.024768594345606
-0.024032042603720
0.002843665652937
0.006959841760373
-0.007357024086754
-0.010073808684932
-0.030064640931181
0.002240069144137
0.016191093255364
0.085967688034247
0.012098433506642
-0.032938309586130
-0.023389139034698
-0.001578812481920
-0.017346817703741
-0.005468757892487
0.013203165742675
0.007090854656296
0.034844607548836
0.055503393878261
-0.027340117794524
-0.033467261882998
-0.007010173569273
-0.008516457053374
-0.016509275757111
-0.042908255177022
0.001884814421237
-0.032640373353115
0.030264760181077
-0.028632647505838
0.010615050356462
0.044015223018635
0.020512616040535
-0.057993270028624
-0.009060156800122
0.053609032717268
-0.017904885536162
-0.029437632761751
-0.005273070380320
-0.015874598809493
-0.035223814016602
0.010407380005057
0.011938563366492
-0.001393113916609
0.005278898985260
-0.000125836783458
-0.007269534083265
0.011364212666538
-0.024280937430073
0.050458310607710
0.000130132313904
-0.033990572979877
0.023730533402569
-0.026152411077070
-0.016249864397611
-0.064049641019231
0.006321558433054
0.027082662799968
0.041931686249823
0.018370552639008
0.006021404808393
-0.011480137165740
-0.013329347032191
-0.024768594345606
1.013602408361196
-0.031934468032209
0.031860412557477
0.021747520258351
-0.005752913151267
-0.005782553841871
-0.033306889728411
0.026145545110992
-0.003302392202562
0.017021216065568
0.006588106339614
-0.049888752242593
0.030824822846652
0.026168561073902
0.026226534106917
-0.033507483465425
-0.022568449293965
-0.033004187616578
0.068441114528088
0.045142992686881
0.018074153403160
0.027376108590212
-0.005416002042731
-0.013618460625743
0.025140156087071
-0.035097928978332
-0.016993136154356
-0.008436415276794
-0.012779670517247
-0.013095658208734
0.080010614236589
-0.075698019716988
-0.017892770571998
0.002367934288969
0.046035893182564
0.046153010486561
-0.021021314226120
-0.027515744233492
-0.011141647709395
-0.002366626243197
-0.011741336204824
0.035052219036402
0.012849354282879
0.007087213242778
0.016816618478276
0.054796192414567
0.003003542127463
-0.005982731822748
-0.063124043362232
-0.021106999730704
0.034005740701128
0.046555746511827
0.011367505437071
-0.107108597647868
0.036899118598530
-0.008099211875426
-0.000163285708857
0.051711635743078
0.018116016123981
0.027103499971755
-0.015981020647282
-0.007587054605015
0.001654438913005
-0.024032042603720
-0.031934468032209
1.006071744935391
-0.036082965090645
-0.040437552710590
-0.050144935983399
-0.010632021861337
-0.001633506593825
0.023280656592688
0.038119202024705
0.016627665789199
0.005093234844686
0.016925724894623
0.023229924055008
-0.022785624643333
-0.057313047711328
-0.040763715755598
0.042724521147990
0.034839253745315
0.018483435131247
-0.020241759252026
0.044065441788501
-0.010282894497044
-0.022486662815743
0.012469344830593
-0.073478218097137
-0.005861247749288
-0.023379258955558
-0.004965700101521
-0.000901657422920
0.004655824463636
-0.010939533666443
-0.059018460756999
-0.065188518188527
0.031252059707781
-0.017762132642773
0.074367789224172
0.011887918331177
-0.021384447166731
0.010171381115548
-0.037461381028402
0.000959891129757
-0.024422141341384
-0.036980443012655
0.000301836810706
-0.025619456595998
0.014583556488623
-0.021162398597076
0.012458050154428
0.008185632311372
-0.011364979850489
0.020962904611243
0.014134017068820
0.006891150618504
-0.005500455161493
-0.027190604295493
0.024912030178254
-0.019369539407871
0.051980126565651
-0.036121548329392
0.006997388616251
0.003548420337079
-0.006823679537688
0.017133559505018
0.002843665652937
0.031860412557477
-0.036082965090645
0.973020610243820
-0.002347891916356
-0.040150225205256
0.025555510590904
0.006037491862324
0.025459284900968
0.026175435132032
0.035560464126897
0.028573847670285
-0.009345134965253
0.011196205905123
-0.002073139389197
0.005569239068755
-0.026958354248486
0.007462120129038
-0.015641796041611
-0.035250016829554
-0.027748307074000
0.000012850030916
-0.064581728467146
-0.028632605015646
-0.004565239466028
-0.014283056404464
0.004032535304329
0.019799617433183
-0.005909946378822
-0.024211572327993
0.021148703131280
0.002593813397969
-0.022426202918811
0.009644642341363
0.014444577136892
-0.014508436841541
0.005066506263940
0.018354676050557
0.011582549195690
0.050411556111258
-0.005187247700712
0.021935999682686
-0.001406746517378
0.011331781132564
-0.044031460029780
-0.000528017630848
-0.019682512590458
-0.044173592240776
-0.022090545256484
-0.026736050328607
-0.043742018112124
-0.040044666250143
-0.010671108492093
-0.038319910317958
0.024269054668861
-0.019561231149208
-0.004504243740577
0.004269215158162
-0.031710727205240
-0.034600392201904
-0.012115096547646
0.041234776284236
-0.010260851809468
0.015009844107028
0.006959841760373
0.021747520258351
-0.040437552710590
-0.002347891916356
0.988489261021290
0.008319331178184
0.009881628866142
-0.026712291059881
-0.018207845526055
-0.007929383629219
-0.034846983773063
0.025936705688948
-0.024674529651413
-0.030069185399407
-0.010272614194531
-0.046361447156255
0.026203329775814
0.003301521917794
0.027199026607707
0.006021965563900
0.015706566740812
-0.057512444440063
0.010851739934242
-0.043574385983908
-0.002286550820145
-0.012787701879882
-0.020392217974992
-0.006778628339022
-0.002066469355078
-0.048340437153933
0.011646809712702
-0.051050757041548
-0.039344215247243
-0.001365239283206
-0.003215832411103
-0.041691396237646
-0.017128383494316
-0.070649078222561
-0.016828181311793
0.016659040051830
0.057611365125058
0.018039587355006
-0.018245206151823
-0.011521931465310
0.025727919926343
0.016165721305389
-0.017562227282586
0.007460503915118
0.029457049491285
0.037681395064093
-0.002450189777163
0.004226419940943
-0.015807329104675
0.034422972400878
-0.024436141206744
0.042284559892399
0.009651674394859
0.033403882369081
-0.019207991139254
0.043074951873267
-0.018551880012050
-0.039990669451259
-0.022655346631150
-0.075076187619037
-0.007357024086754
-0.005752913151267
-0.050144935983399
-0.040150225205256
0.008319331178184
0.980335243823589
-0.003543904689910
-0.035132912435366
0.068825507500667
0.005917804379086
-0.002531608221124
0.027100093873161
0.008940215837604
-0.004201426875295
-0.039638910424732
0.033716300411362
-0.020955718457738
0.027945226721256
-0.004323007747335
0.026792618911810
-0.015191071300665
-0.006500650700038
-0.018748682616084
-0.027312079318368
0.008818968554567
-0.032288141587011
0.011840989727891
-0.039072760140562
-0.008385645340186
0.011438624072866
0.033197026614302
0.005230199546387
0.083078853459968
0.022521319746289
0.041653273255160
-0.034057852058783
-0.012486187840513
0.014874341066973
-0.050846070622965
-0.009694288089356
0.034689828478758
0.039614028955930
0.012440716263175
0.021328713506553
0.057254612940279
-0.027049072410301
-0.007275981956748
-0.044589049454490
0.049441342720649
-0.005400024423639
0.012244880596319
-0.058316262441774
0.021340070887299
-0.007247256262754
-0.033820701525772
0.064132200019821
0.040726056179586
-0.052136281368220
-0.035566640088988
0.018608647905942
0.021935065353549
0.013098431508625
-0.008008976935679
0.045806915432474
-0.010073808684932
-0.005782553841871
-0.010632021861337
0.025555510590904
0.009881628866142
-0.003543904689910
1.076372033512085
-0.006271917946437
-0.041222823564792
0.011641075217420
0.011881303989782
-0.072144589266633
0.009230481712825
-0.010151384825013
-0.000132797079908
-0.038490999688680
0.004923335958486
0.009278445548131
0.016037987421678
-0.015128966708044
0.007027145967429
0.012026575246625
0.009061435245741
0.024818622677250
0.011404967749360
-0.014352234188968
0.059008556059502
-0.020152798037295
0.025307418045573
-0.007730452224115
-0.031220459936478
-0.012144910954013
-0.076725587983034
0.044243199133619
0.044150207105701
-0.026765982650770
0.025197456916773
0.004825761581431
0.001110824913056
-0.007369365374439
-0.064167843959902
-0.050777536780883
-0.015367680830757
-0.011179563819052
-0.029204298218947
0.026284991664285
-0.050446742046292
0.013292373820424
0.008552977550339
-0.006593792683454
0.000120882867701
0.014938717530866
-0.049049432388932
0.004260351713689
0.021613367490520
-0.017272827202894
0.059638832742984
-0.030527967992990
0.023651826096979
-0.009966453266260
-0.010512991924851
0.021078436588704
-0.043461012884390
0.003056689460279
-0.030064640931181
-0.033306889728411
-0.001633506593825
0.006037491862324
-0.026712291059881
-0.035132912435366
-0.006271917946437
0.913761656628185
0.026439495447539
0.064602800342366
-0.018115022227002
-0.012166907393182
-0.031833093865675
0.011542355365691
0.070535388444285
-0.025184681385406
-0.024933122350553
0.004545326885031
-0.064320019341859
0.035997294154106
-0.010372978150288
-0.021600331941628
-0.002489232238326
0.039258746324731
-0.005272681774815
-0.005803917171590
-0.072700791065377
0.041078154134166
0.014199044527983
0.007754860547618
-0.005396627285615
0.032341063693308
-0.008485603411352
0.045125377663206
-0.004514344454735
-0.011862655984359
0.020331558194093
0.004944310571897
0.026623358437427
-0.022545615904373
0.025467128217966
-0.001145254628726
-0.013151577306516
-0.002198996935491
-0.026781179700586
-0.043651175257058
-0.061989142271307
-0.012424983050825
-0.073094159485969
0.001542362210855
0.046994388837526
-0.010305252072978
0.000660076641009
0.045434091995237
-0.011558283412798
-0.034809759096670
-0.038728570860395
-0.019118468427638
-0.038583339289854
-0.000874651203958
-0.021893483512384
-0.010559514752265
-0.027092167533824
-0.038603100691075
0.002240069144137
0.026145545110992
0.023280656592688
0.025459284900968
-0.018207845526055
0.068825507500667
-0.041222823564792
0.026439495447539
1.009732731642731
-0.003027012455296
0.039027388024840
-0.026673215276129
0.016633115606795
-0.064983205962188
0.009546122775504
-0.017252553489605
-0.011642868860424
-0.008606800736348
-0.048681704552457
-0.032544139560613
-0.000426467386829
0.011299061025160
0.062558403757480
-0.016502465314305
0.059955282547723
0.063339573010539
0.025905167983479
0.013952037129069
0.027256696494309
-0.032913524369436
-0.008204718989374
-0.023870745512616
-0.040536692167010
0.064114403362835
-0.005700700228183
-0.010542014997085
0.014034887321443
-0.080438435963169
-0.028835916716396
0.005012224832715
-0.025191459360192
-0.046205569622383
-0.024888098517926
0.030681755502248
-0.011475339797388
-0.024396649583852
0.051034017871111
-0.014719665859043
0.017316853541317
-0.011400532129087
-0.059629014859918
0.009618998320731
-0.054087303436629
-0.040547769749193
-0.034973609397081
-0.056496066827756
0.006244992842622
-0.034712021268801
-0.025731894106834
-0.041175145523396
-0.004942964383689
-0.014514108993426
0.033271857150845
-0.021594734913902
0.016191093255364
-0.003302392202562
0.038119202024705
0.026175435132032
-0.007929383629219
0.005917804379086
0.011641075217420
0.064602800342366
-0.003027012455296
0.934198113632604
0.042314512175169
0.001121585517048
0.038027371747077
0.064589810007505
-0.041473746222057
0.007970154238174
0.015461254750466
-0.028744536510006
0.016664013423806
0.011743022217786
0.037708782019164
-0.023933358104300
0.028598893722806
-0.015985367081713
0.024472520284739
0.008582571672459
-0.026832670660584
-0.032976163515527
0.034224768680043
0.021584465853362
-0.004855432750100
0.002604713099765
-0.019682214020134
0.015695757817729
-0.002715798816884
-0.031869082646976
-0.006368985664290
-0.033046066748046
-0.053148327116770
-0.003412494030707
-0.016351280228679
-0.000538908019065
-0.004716874965422
-0.025521212694770
-0.010929620448900
0.029079684049798
0.014958891881107
0.028918788711759
-0.026778056158396
-0.014224863029869
-0.007609183546779
0.001704248966147
-0.022353285583600
0.026684330006595
-0.019023418079688
0.004944409251288
-0.026524266476360
-0.054182476653333
-0.048699135229788
-0.034419294731169
-0.033065130927444
-0.007677673276210
0.045643873045836
0.041483722072738
0.085967688034247
0.017021216065568
0.016627665789199
0.035560464126897
-0.034846983773063
-0.002531608221124
0.011881303989782
-0.018115022227002
0.039027388024840
0.042314512175169
1.046184890749364
-0.015662116746758
0.028752585451146
0.012978546583327
-0.031860441582738
0.000144463079525
-0.038213462839502
0.033147997025455
0.013137049627050
0.008319977996483
0.029895051713320
-0.002425504409693
0.025794590553909
0.088105783226357
-0.003559033272444
-0.017076271581743
0.083457437565682
-0.002462046507578
-0.023478887494302
0.015896593841491
-0.049868668318057
0.034658309902148
-0.023694623198892
0.036426471432406
-0.014104379215888
-0.011465582675503
0.077817555472595
-0.007561738866354
0.017801965781664
-0.021448990747714
-0.001425455441251
0.034360940666027
-0.000031881338852
-0.021951406686789
-0.011077746598987
0.005374442952058
0.008487705642158
0.020195338736560
0.024331765921516
-0.026295706219758
-0.004479138602188
-0.024951923249704
-0.045888233374285
-0.041771888570132
-0.012844019731664
0.017781207479248
0.023100374501753
-0.041982663697798
-0.024224866276318
0.017461172736178
0.036354211668913
0.015584898616866
0.038062023503457
-0.005566792776244
0.012098433506642
0.006588106339614
0.005093234844686
0.028573847670285
0.025936705688948
0.027100093873161
-0.072144589266633
-0.012166907393182
-0.026673215276129
0.001121585517048
-0.015662116746758
0.930646743182754
0.009588038685768
0.055850500813536
0.036000834434676
-0.024901642164270
-0.043392102935721
-0.025695459091651
-0.059705098482536
-0.024816417122107
-0.075920600972084
-0.022240740563405
0.006614377655825
0.000483766462313
0.059265421258689
-0.001725509491149
-0.040853163401545
0.028691151202814
-0.028371499731435
0.027030952233304
-0.010792544231625
0.047115604690425
0.031562198221204
0.017243799768064
-0.033824434674014
0.012824395421942
-0.043106549923021
0.012751036910082
0.023547203692294
-0.017197009810629
-0.024218996738645
0.011791985233927
-0.044545833511456
0.046501850879494
0.009246074284922
0.058633573458043
0.021101795750230
-0.034764329993216
0.020655977629439
0.015855006399802
0.015432854038489
0.036673099035165
-0.000816844430627
0.066180113954544
0.013978040595163
-0.060739433919887
0.044499156871703
0.092720375793067
0.046926205505219
0.043133605021489
-0.005241206939281
0.044799824255499
-0.012484099692674
-0.057766056700216
-0.032938309586130
-0.049888752242593
0.016925724894623
-0.009345134965253
-0.024674529651413
0.008940215837604
0.009230481712825
-0.031833093865675
0.016633115606795
0.038027371747077
0.028752585451146
0.009588038685768
0.991425684717837
-0.024261629012442
-0.039176650781300
0.014870836628623
-0.037514803970644
-0.045052553393372
0.042450632955723
0.031220045444953
0.023948909570774
-0.002531466255744
-0.061951898225149
0.002462258105577
-0.015367651782973
-0.001576640191662
-0.043872101641487
-0.001973364949712
0.014303206197026
-0.005440694324529
0.025003719183365
0.019670431887934
0.012331876377281
0.014680233033622
0.014817108191746
0.001237439280674
-0.036067526157757
-0.020478479325147
-0.006217366176859
0.001078652758905
0.013130529891606
0.018629458752679
-0.045677584431440
-0.048447082491933
-0.047706627716978
0.013859586345716
-0.030624537292691
0.006269435116656
0.004832785529434
-0.066502840943759
-0.051346837129063
0.024510101762805
0.033330498887018
-0.010991532862570
-0.008853578780946
0.026136117409329
0.000021932234753
0.004605703324822
0.027106958009617
-0.024633028603595
0.011001306116885
-0.097218901905363
0.008828935350194
-0.026633057880981
-0.023389139034698
0.030824822846652
0.023229924055008
0.011196205905123
-0.030069185399407
-0.004201426875295
-0.010151384825013
0.011542355365691
-0.064983205962188
0.064589810007505
0.012978546583327
0.055850500813536
-0.024261629012442
1.067989870324629
-0.012927494174010
-0.030236340153791
-0.048840187138459
-0.017396189989561
-0.012259327163045
-0.022641931076036
-0.011439302734542
0.003034846457830
-0.005512244241504
0.006772502917462
-0.023535618035026
-0.045524228057155
-0.059884309421547
0.009197069585075
-0.036272409037524
0.028641457531409
-0.022098663853084
-0.008982190540867
0.044918588040223
-0.026278826426538
-0.000330623619313
-0.060532175413157
-0.026859954592598
-0.011444328772625
0.025639829829071
0.043404812400703
-0.051143592720253
-0.038162100814996
-0.005679575975718
-0.007981937125447
-0.007870368369143
0.043508281961227
0.006921899337996
0.007891630964276
-0.007390450628412
-0.017203353504208
-0.008009963618927
0.024653735098252
0.039460836060798
0.000064494332600
-0.012237475742100
-0.005763667988745
-0.031251664189216
0.030790601237007
-0.034822034358947
0.004501327400007
0.013036252297770
-0.011335222017961
0.021944937799008
-0.007603807777428
-0.001578812481920
0.026168561073902
-0.022785624643333
-0.002073139389197
-0.010272614194531
-0.039638910424732
-0.000132797079908
0.070535388444285
0.009546122775504
-0.041473746222057
-0.031860441582738
0.036000834434676
-0.039176650781300
-0.012927494174010
0.966855456742238
0.042958566433303
-0.011137535721769
0.011827629135294
0.035656218056072
0.003519540201076
-0.048736477887302
0.034184768385210
0.037840581646679
0.036713775507899
-0.022031551579155
-0.014155374173600
0.026687990114702
0.013525234878280
-0.044475622277221
0.009636074318045
0.022004221229011
0.021759831503864
0.006337606975468
-0.016360134690709
-0.006555554745604
0.059049166177779
-0.011884626693153
0.002712572536195
0.012577156062856
-0.001135461117098
-0.052272256671984
-0.002021790467000
-0.026615613685660
-0.002359348937964
-0.020234962494885
-0.005699780127257
-0.049724956184050
-0.073359349513480
-0.011575929750357
-0.020489163081051
0.011064741098268
0.010265615640203
-0.025006601545427
-0.008547438291493
0.003827217871848
0.004023252969321
-0.011450399962676
0.003144792505061
0.066240443504202
0.017194973204522
-0.015597143543595
-0.014778328667741
-0.000684998366746
0.021116244041523
-0.017346817703741
0.026226534106917
-0.057313047711328
0.005569239068755
-0.046361447156255
0.033716300411362
-0.038490999688680
-0.025184681385406
-0.017252553489605
0.007970154238174
0.000144463079525
-0.024901642164270
0.014870836628623
-0.030236340153791
0.042958566433303
0.978557531459238
-0.031107794233883
-0.036903394346573
-0.049464708608638
-0.011399078510061
0.001389117002245
-0.019304452261401
-0.042739585904854
0.041009938261515
-0.021619124791533
-0.017342290363885
-0.019162149150747
0.011975470970705
-0.041599560198395
-0.021153543008190
-0.003575044716798
-0.027442521166308
0.036708424063817
0.005631184673831
0.018482056803966
-0.067745940027691
0.047999861298390
0.024729781007199
0.027719597379276
-0.000088527489004
0.004292063691697
-0.009000031220094
-0.023525648090255
0.017078150078174
-0.014841293685760
0.057959549661184
-0.036252457170437
0.021767214409024
0.026792435531455
0.037472327008105
-0.035243947429652
0.051108591609918
-0.033368599125344
0.045998765706577
-0.019742244762350
0.040280203645885
-0.007484618330367
0.043418797337439
-0.029090007734902
0.016990557256317
0.005029231876243
-0.059579520700279
-0.026894329193201
-0.075202654767453
-0.005468757892487
-0.033507483465425
-0.040763715755598
-0.026958354248486
0.026203329775814
-0.020955718457738
0.004923335958486
-0.024933122350553
-0.011642868860424
0.015461254750466
-0.038213462839502
-0.043392102935721
-0.037514803970644
-0.048840187138459
-0.011137535721769
-0.031107794233883
0.997245854215294
0.022348748939650
-0.040065516660371
0.042063155176214
-0.013672086191038
0.035626786867115
0.021407160176525
-0.026038910601229
0.007587341055623
0.011377377072241
0.024087666431358
-0.022799352935033
0.015125214726595
-0.034488661197184
0.034250652675155
0.025584869110368
0.013324420332756
-0.003319448727412
-0.002681632282535
-0.053908523366770
0.011902589849433
0.022481203835706
0.048697234328905
0.047046978237192
-0.049074511582375
-0.052998419262495
-0.006679014832563
0.016437778909733
-0.017055557569869
-0.044647417263153
0.040417604266184
0.081995526535060
0.030608628472403
-0.033884012101705
0.004313929601672
-0.023289411360545
-0.048786801933786
0.018643250761018
0.017619454217821
0.004422060344651
0.043487903140412
0.042892385019896
0.019756218244905
-0.019033118663967
0.000336243087000
0.006484780734263
0.052651125974433
0.009489531575412
0.013203165742675
-0.022568449293965
0.042724521147990
0.007462120129038
0.003301521917794
0.027945226721256
0.009278445548131
0.004545326885031
-0.008606800736348
-0.028744536510006
0.033147997025455
-0.025695459091651
-0.045052553393372
-0.017396189989561
0.011827629135294
-0.036903394346573
0.022348748939650
1.000597999463991
0.002394955523131
-0.012422122068012
-0.000174393548251
-0.017103273889569
-0.050970260362314
-0.011475770150984
-0.060503158029257
0.010547840523183
-0.037809553485628
-0.032648487990015
-0.049328355746153
-0.025995938315751
-0.003179813738949
0.020628130817983
0.032017075764285
-0.019083843115023
0.008297583611650
-0.078763419577363
-0.014664710016395
-0.004835346509940
-0.019913442812231
-0.021437873914169
-0.041221395409808
0.002227161281411
0.023985966112592
-0.034083645962372
-0.010468789953064
0.021192626207350
-0.030253247015764
-0.000989626975868
0.001638919238783
-0.001105396383848
0.035229960300630
0.000161955695566
0.023382370495258
-0.020115482394885
-0.042841408524252
-0.030437385309900
0.055675689537014
-0.012774942183496
0.028109756205994
-0.013754997595657
0.017673473450842
-0.003090469966122
-0.048709356146431
0.013368735520693
0.007090854656296
-0.033004187616578
0.034839253745315
-0.015641796041611
0.027199026607707
-0.004323007747335
0.016037987421678
-0.064320019341859
-0.048681704552457
0.016664013423806
0.013137049627050
-0.059705098482536
0.042450632955723
-0.012259327163045
0.035656218056072
-0.049464708608638
-0.040065516660371
0.002394955523131
0.925304371780884
0.037407576802917
-0.051725477097978
-0.008510391043728
-0.022241175156676
-0.003870919575435
0.017510769993820
0.063535302805144
0.002609090354309
-0.004793607587292
-0.062497222328954
0.005891060961112
-0.033368871274897
-0.009844015686647
0.037528282856637
-0.009509569544477
-0.032520034775451
-0.057852044446435
0.007188488409639
-0.009031386758888
0.048396829464633
-0.012346361309681
-0.036002447945096
-0.002388568585096
0.008199425640828
0.013494983175897
-0.003337239484323
-0.006007648935566
0.002576433146576
-0.023474855142706
-0.018425313120197
0.002885877275152
0.019311960319018
-0.022122450935860
-0.022072703799562
-0.048666365439302
-0.017805537225903
0.011093202621337
0.041478760132980
0.043000166943679
0.056687181676866
-0.002957319119990
0.019815235473777
0.029306675721623
0.013167934800288
-0.003169381733311
0.034844607548836
0.068441114528088
0.018483435131247
-0.035250016829554
0.006021965563900
0.026792618911810
-0.015128966708044
0.035997294154106
-0.032544139560613
0.011743022217786
0.008319977996483
-0.024816417122107
0.031220045444953
-0.022641931076036
0.003519540201076
-0.011399078510061
0.042063155176214
-0.012422122068012
0.037407576802917
1.006071088886846
-0.041617234735314
-0.009253601441137
-0.019395806175990
0.025424562074573
-0.000210695114928
0.016326514997334
0.047396153088370
0.025686862387529
-0.001455930354910
-0.002283892862192
0.069042695281529
-0.000880238047736
0.047854463425795
-0.031185598544264
0.007673918707963
-0.047504978955929
-0.004779730783013
0.016450657337910
-0.022818754081435
0.009866960235780
0.016247472061683
0.000433113410219
-0.003828642100031
0.045924651870057
0.006172828634717
-0.028328103937401
-0.021162098232669
-0.034592319927215
-0.005782490666833
0.019855561454053
0.060760319763131
-0.021566366459802
0.028099536561172
-0.020208165365367
-0.004477464306120
0.046563506534851
0.065212040190544
0.029595238566882
0.003665875827440
-0.019024129761704
-0.008113569304387
0.005195266201445
-0.040830799680645
-0.036893655193102
0.055503393878261
0.045142992686881
-0.020241759252026
-0.027748307074000
0.015706566740812
-0.015191071300665
0.007027145967429
-0.010372978150288
-0.000426467386829
0.037708782019164
0.029895051713320
-0.075920600972084
0.023948909570774
-0.011439302734542
-0.048736477887302
0.001389117002245
-0.013672086191038
-0.000174393548251
-0.051725477097978
-0.041617234735314
1.039196931847109
-0.058737347997774
-0.034667149912163
-0.001630251349400
-0.013316208154379
-0.001256731900089
0.007243812181184
-0.013227384168968
-0.041151848179134
0.021734076592415
0.041365056970673
-0.102004233619066
0.011537380030487
-0.002833891316417
-0.004443471033052
-0.019658846085359
0.057833133226706
0.012516560282808
0.023687594549914
-0.020273596499792
0.035518483234378
-0.042271760815216
0.011797330108643
0.010106133928430
0.012805586459196
0.019047399783626
-0.033759651096197
0.000551045162426
-0.043819087973239
0.017671766195406
-0.018507112493030
-0.007854012632254
-0.039710968063728
-0.023712051441252
0.070524930694421
-0.026949678316908
0.049114179106790
0.015232190955214
-0.046945859624210
-0.060416050728810
-0.035042620922017
-0.016384524481078
-0.018304417952173
-0.056499787700445
-0.027340117794524
0.018074153403160
0.044065441788501
0.000012850030916
-0.057512444440063
-0.006500650700038
0.012026575246625
-0.021600331941628
0.011299061025160
-0.023933358104300
-0.002425504409693
-0.022240740563405
-0.002531466255744
0.003034846457830
0.034184768385210
-0.019304452261401
0.035626786867115
-0.017103273889569
-0.008510391043728
-0.009253601441137
-0.058737347997774
1.004369186335209
0.045154609468281
-0.042973832298924
0.023075403296126
-0.001058648513676
-0.096162500110017
0.016781579136840
-0.021484928560570
-0.011833376073840
0.029502309140014
-0.020564488128398
0.072991737267289
0.049484504613715
0.023524704549225
0.021243549747752
0.011717595894210
-0.040974487108984
-0.057485606979881
-0.041846191306857
0.015323641369862
-0.056721062570830
0.032242388884720
-0.052935044376188
-0.010255431500891
0.007249975062115
0.068250405066482
-0.004423794460469
0.009192204100784
0.030542773631164
0.062023755615766
-0.004468305048025
-0.022416897124425
0.046070491964513
0.002095560048350
0.059967759871466
0.005431977733158
0.021826778281718
0.022794304221094
-0.015306628004512
0.008912139911813
-0.011829735568639
-0.022224229492971
0.017187808857566
-0.033467261882998
0.027376108590212
-0.010282894497044
-0.064581728467146
0.010851739934242
-0.018748682616084
0.009061435245741
-0.002489232238326
0.062558403757480
0.028598893722806
0.025794590553909
0.006614377655825
-0.061951898225149
-0.005512244241504
0.037840581646679
-0.042739585904854
0.021407160176525
-0.050970260362314
-0.022241175156676
-0.019395806175990
-0.034667149912163
0.045154609468281
1.055655394090979
-0.006700963540640
0.022336648738171
0.005603737156486
-0.039117755196634
0.024365160765876
0.064785884785419
-0.009449479130809
-0.004533474666731
-0.073174491199373
-0.050060405283160
-0.070389983087468
-0.004952219413424
0.014475334675513
0.021415444452749
-0.055671461052099
-0.016318510022160
0.007246232119687
-0.007795107328514
0.034435506368573
0.006578197542109
0.073055367173709
0.014781731118695
-0.019714664063740
-0.022670150276749
0.012301333363016
-0.052188097016056
0.005932347743852
0.069909829650623
-0.015194409898077
-0.014338366192065
-0.014804115858544
-0.006404160037732
-0.006618370113918
0.010590890100068
0.041716287609863
0.044946663240073
0.042701222916050
0.011289943235038
-0.006392410956010
0.012931741822210
-0.009307744494710
-0.007010173569273
-0.005416002042731
-0.022486662815743
-0.028632605015646
-0.043574385983908
-0.027312079318368
0.024818622677250
0.039258746324731
-0.016502465314305
-0.015985367081713
0.088105783226357
0.000483766462313
0.002462258105577
0.006772502917462
0.036713775507899
0.041009938261515
-0.026038910601229
-0.011475770150984
-0.003870919575435
0.025424562074573
-0.001630251349400
-0.042973832298924
-0.006700963540640
1.032213665011291
0.000770696975111
0.000605821461649
-0.009512841727574
0.001243553966995
0.024914506916163
-0.026760733186726
0.046469473702819
-0.001476798032889
0.000557412571040
-0.033848600273689
-0.012673868132243
0.048888822952164
-0.027754110379349
0.014584355499334
-0.060828437968387
0.006806696314432
-0.050878017492693
-0.043576204071060
-0.008185157793650
0.001660864314915
0.005515789297458
-0.036105398015731
0.013708483545948
-0.096073323836194
0.019922884682785
0.005083772720198
0.034125312116479
0.051587585162088
0.033619176756113
0.040405164119878
0.003738456649866
-0.032982097270393
-0.001659896657712
0.003556973178030
0.031589598028979
0.015157859361332
0.041082955964891
0.000844400197454
0.011218017320615
-0.000436836741370
-0.008516457053374
-0.013618460625743
0.012469344830593
-0.004565239466028
-0.002286550820145
0.008818968554567
0.011404967749360
-0.005272681774815
0.059955282547723
0.024472520284739
-0.003559033272444
0.059265421258689
-0.015367651782973
-0.023535618035026
-0.022031551579155
-0.021619124791533
0.007587341055623
-0.060503158029257
0.017510769993820
-0.000210695114928
-0.013316208154379
0.023075403296126
0.022336648738171
0.000770696975111
1.024971858308628
-0.006007203128325
0.013432200384109
0.077671332644016
0.031680639582031
-0.052512517948775
0.014895979889325
0.018900718222650
-0.041537942192995
-0.034844211633269
0.033089179775611
0.016860496502015
0.041672406083252
-0.004852393051687
-0.027660873291976
-0.035230138056577
0.021593704094364
0.018291000380806
0.013405418278237
-0.001736505015854
0.021899770120805
0.029339038013158
0.016914394577698
-0.031147432583254
0.006172739840841
0.019580025042415
-0.021521164327440
0.025480696049131
0.000403223060351
-0.002931288482047
-0.062669965895669
-0.001843572958274
0.021919441535645
-0.094018320358710
0.011495308484241
-0.016904263404280
0.074082780205481
-0.005904148213581
-0.028645000200221
0.030319385707148
-0.016509275757111
0.025140156087071
-0.073478218097137
-0.014283056404464
-0.012787701879882
-0.032288141587011
-0.014352234188968
-0.005803917171590
0.063339573010539
0.008582571672459
-0.017076271581743
-0.001725509491149
-0.001576640191662
-0.045524228057155
-0.014155374173600
-0.017342290363885
0.011377377072241
0.010547840523183
0.063535302805144
0.016326514997334
-0.001256731900089
-0.001058648513676
0.005603737156486
0.000605821461649
-0.006007203128325
1.077459841582966
-0.043823978667318
-0.050926737907595
0.056068088554560
-0.014165456841457
-0.035179965903758
0.031542092838888
-0.003411671547975
-0.084411369962911
-0.055764892600319
-0.041529129969939
0.014088372129299
0.034444801028468
-0.023868040418435
-0.008457911576974
0.014918963952802
-0.000979351743007
-0.005363295813492
-0.033391065087131
0.006165223972445
0.001123255232178
0.006003111787696
0.012958518506044
-0.011949492078027
0.010391472038520
0.059714472077984
-0.040938483909320
-0.024463400934078
0.036664463373370
-0.058238802035468
0.016615532167935
0.004704452704544
-0.032195169162823
0.034026791514502
-0.005515257253535
0.024655817000826
-0.008200105276196
-0.016292935139518
-0.033281828681789
-0.042908255177022
-0.035097928978332
-0.005861247749288
0.004032535304329
-0.020392217974992
0.011840989727891
0.059008556059502
-0.072700791065377
0.025905167983479
-0.026832670660584
0.083457437565682
-0.040853163401545
-0.043872101641487
-0.059884309421547
0.026687990114702
-0.019162149150747
0.024087666431358
-0.037809553485628
0.002609090354309
0.047396153088370
0.007243812181184
-0.096162500110017
-0.039117755196634
-0.009512841727574
0.013432200384109
-0.043823978667318
1.000970753734288
0.008311119528653
0.017968780226347
0.003194001117643
-0.018398916004783
0.033832673858130
-0.006985073945986
-0.023113484109535
-0.039065741046713
0.016591563386670
-0.022227648588728
-0.018525923506046
-0.003524567172942
0.001062233088770
0.017627696182609
-0.008922855668877
0.025987431565137
0.060807301782311
-0.061449935658742
0.036591614965789
-0.008797410459011
0.023361847427854
-0.036189457878268
-0.007499590993593
0.004833622823737
0.001833228482586
-0.042354335042988
0.034800043461500
0.040227882875920
-0.002084566673482
0.018838571230646
-0.041681923409600
-0.063261264269739
0.009098082487025
0.004699677403977
-0.048226869128645
0.008154505018364
0.022644826604175
0.001884814421237
-0.016993136154356
-0.023379258955558
0.019799617433183
-0.006778628339022
-0.039072760140562
-0.020152798037295
0.041078154134166
0.013952037129069
-0.032976163515527
-0.002462046507578
0.028691151202814
-0.001973364949712
0.009197069585075
0.013525234878280
0.011975470970705
-0.022799352935033
-0.032648487990015
-0.004793607587292
0.025686862387529
-0.013227384168968
0.016781579136840
0.024365160765876
0.001243553966995
0.077671332644016
-0.050926737907595
0.008311119528653
1.021224071262323
0.057580806411035
-0.015958185787584
-0.000130837035862
0.013066065388688
0.018054730952532
-0.073843891724870
-0.035889558417658
0.030394974231622
-0.018683688200362
-0.033677973248103
-0.029875163266658
-0.053533173505861
0.020271334783968
-0.056401080544936
-0.039616828543469
-0.008391435519436
-0.014529734050710
-0.010571432922664
0.018638015398655
-0.038282255735160
0.009103291861668
-0.003756608204572
0.013912796877596
-0.005586572190094
0.013688399916042
0.012453659446461
0.019679393135588
-0.003468398896458
0.030958892063592
0.032541353103689
0.016125384965368
-0.002775456998730
-0.024897289835279
0.047158200031344
0.031620658176111
0.011135128928903
-0.032640373353115
-0.008436415276794
-0.004965700101521
-0.005909946378822
-0.002066469355078
-0.008385645340186
0.025307418045573
0.014199044527983
0.027256696494309
0.034224768680043
-0.023478887494302
-0.028371499731435
0.014303206197026
-0.036272409037524
-0.044475622277221
-0.041599560198395
0.015125214726595
-0.049328355746153
-0.062497222328954
-0.001455930354910
-0.041151848179134
-0.021484928560570
0.064785884785419
0.024914506916163
0.031680639582031
0.056068088554560
0.017968780226347
0.057580806411035
1.041307496083307
0.026181288952790
-0.020862394191131
0.031022028356728
-0.041951171087131
0.061602966540525
0.006056925260335
-0.008641300744433
0.027800485750775
-0.025607377853279
-0.013127646366113
-0.033856212004739
-0.010526817638432
0.026122662906624
-0.004004877496019
0.041001419150271
0.011031712750569
0.017833473917395
-0.028018476728201
-0.006212713581363
-0.005779562740738
0.005099411897565
-0.056678384832543
0.044157876765180
-0.025152749948655
-0.005366449532081
-0.009188453421374
-0.000253869394791
0.022814049122485
0.026002583654428
0.078380048891564
0.000394675225845
0.007376265701056
-0.009205533382708
-0.009607762385834
-0.016050050587279
0.030264760181077
-0.012779670517247
-0.000901657422920
-0.024211572327993
-0.048340437153933
0.011438624072866
-0.007730452224115
0.007754860547618
-0.032913524369436
0.021584465853362
0.015896593841491
0.027030952233304
-0.005440694324529
0.028641457531409
0.009636074318045
-0.021153543008190
-0.034488661197184
-0.025995938315751
0.005891060961112
-0.002283892862192
0.021734076592415
-0.011833376073840
-0.009449479130809
-0.026760733186726
-0.052512517948775
-0.014165456841457
0.003194001117643
-0.015958185787584
0.026181288952790
0.998837837675147
-0.045103333543688
-0.012257629767026
-0.020564306479816
-0.001778151396599
0.009915880907467
-0.015322541151822
0.013629439537425
0.002432527960946
0.008497687355088
0.002461712556224
-0.014997142216533
-0.006490555015697
-0.005211343553253
-0.049708812074029
-0.024155223973470
0.027050722481776
0.030467231813391
0.019126405405228
0.012803592748067
0.041003688502176
-0.018523351111194
-0.008427609930437
-0.005400588411667
-0.005027385379652
-0.022723742807615
0.002775923420560
0.035031081799245
0.017872954038927
-0.078653971092950
-0.020870185837219
-0.034179422737773
0.016669605304815
0.048769120673214
0.007724615348704
-0.028632647505838
-0.013095658208734
0.004655824463636
0.021148703131280
0.011646809712702
0.033197026614302
-0.031220459936478
-0.005396627285615
-0.008204718989374
-0.004855432750100
-0.049868668318057
-0.010792544231625
0.025003719183365
-0.022098663853084
0.022004221229011
-0.003575044716798
0.034250652675155
-0.003179813738949
-0.033368871274897
0.069042695281529
0.041365056970673
0.029502309140014
-0.004533474666731
0.046469473702819
0.014895979889325
-0.035179965903758
-0.018398916004783
-0.000130837035862
-0.020862394191131
-0.045103333543688
1.009151213171489
-0.016752406879153
-0.048186780829372
-0.020945162754712
0.014230072565757
-0.008486259654378
0.012299968132957
0.020233933979293
0.044815616231592
0.031587983714714
-0.034434971063177
0.010344073643409
0.005189218428486
-0.015092798530733
0.057133448056754
-0.025559419371543
-0.009056515354004
-0.022554579264202
-0.034776506310851
0.026859163718483
-0.020310752007748
-0.022651242517485
0.073270380770406
0.020397555536729
0.029549016726237
0.007086803198445
-0.030199106790576
0.001224984565751
0.025951664716178
0.009037900159711
-0.028715850767807
0.040232568823357
-0.033055414310935
0.050412139178863
0.010615050356462
0.080010614236589
-0.010939533666443
0.002593813397969
-0.051050757041548
0.005230199546387
-0.012144910954013
0.032341063693308
-0.023870745512616
0.002604713099765
0.034658309902148
0.047115604690425
0.019670431887934
-0.008982190540867
0.021759831503864
-0.027442521166308
0.025584869110368
0.020628130817983
-0.009844015686647
-0.000880238047736
-0.102004233619066
-0.020564488128398
-0.073174491199373
-0.001476798032889
0.018900718222650
0.031542092838888
0.033832673858130
0.013066065388688
0.031022028356728
-0.012257629767026
-0.016752406879153
0.995334110797244
0.039561557144731
0.007221185181927
0.044033432688107
0.025871394691138
0.029776748921783
-0.005244896620512
0.045730890276388
0.028154199962722
0.027922126744466
-0.021883886989743
-0.035435981271997
-0.017018064739261
-0.001146172282505
-0.007396563248653
-0.011112250124491
-0.029571254173249
0.012787170937947
-0.013198057057740
0.010066829958695
-0.049755243649173
-0.014516552069843
-0.013035701042114
0.001180864647927
0.000221052457769
-0.037016108142216
0.009007582293347
0.032152793566864
-0.006775289152234
0.019735571952879
-0.038195501479470
-0.027542592643532
-0.013185907592155
0.044015223018635
-0.075698019716988
-0.059018460756999
-0.022426202918811
-0.039344215247243
0.083078853459968
-0.076725587983034
-0.008485603411352
-0.040536692167010
-0.019682214020134
-0.023694623198892
0.031562198221204
0.012331876377281
0.044918588040223
0.006337606975468
0.036708424063817
0.013324420332756
0.032017075764285
0.037528282856637
0.047854463425795
0.011537380030487
0.072991737267289
-0.050060405283160
0.000557412571040
-0.041537942192995
-0.003411671547975
-0.006985073945986
0.018054730952532
-0.041951171087131
-0.020564306479816
-0.048186780829372
0.039561557144731
0.981675260917699
0.033009856936213
0.012518192326313
-0.052363278066746
0.013380096487313
0.037809060252214
-0.009753522638673
-0.028121015209583
-0.037888487992072
-0.029356724478988
0.027242764113447
0.000626803835952
-0.005184308779308
-0.026190811838606
-0.034202739577391
0.040329946670749
0.053973635989991
0.032400276016499
-0.004997504033094
0.017823691132358
-0.005529858505193
-0.015586544114883
-0.037099124990046
-0.021834684319148
-0.002919811493181
-0.033345108121933
0.046817979944817
-0.019831071948451
0.032086964439354
0.000555142338834
-0.005573094354877
0.011885238260871
0.020512616040535
-0.017892770571998
-0.065188518188527
0.009644642341363
-0.001365239283206
0.022521319746289
0.044243199133619
0.045125377663206
0.064114403362835
0.015695757817729
0.036426471432406
0.017243799768064
0.014680233033622
-0.026278826426538
-0.016360134690709
0.005631184673831
-0.003319448727412
-0.019083843115023
-0.009509569544477
-0.031185598544264
-0.002833891316417
0.049484504613715
-0.070389983087468
-0.033848600273689
-0.034844211633269
-0.084411369962911
-0.023113484109535
-0.073843891724870
0.061602966540525
-0.001778151396599
-0.020945162754712
0.007221185181927
0.033009856936213
0.976438267872260
-0.077234450470351
0.024572182814195
0.012921810665632
0.060744693936046
0.025016073880961
-0.044114123919782
0.002433458311778
0.023530586319237
-0.047439611588002
-0.034623078210843
-0.013043331745474
0.014594367239857
-0.055121894604058
0.037514048495437
0.016471758296298
0.039291803335077
0.042414669499080
0.028424880361461
-0.010639669497550
-0.032662728149301
0.012507400411370
-0.049854375222104
-0.058363250227278
-0.018283868464709
0.004230286650285
-0.031904180463990
0.012136609132637
-0.027661634460716
0.012977385272404
0.056733265941392
-0.057993270028624
0.002367934288969
0.031252059707781
0.014444577136892
-0.003215832411103
0.041653273255160
0.044150207105701
-0.004514344454735
-0.005700700228183
-0.002715798816884
-0.014104379215888
-0.033824434674014
0.014817108191746
-0.000330623619313
-0.006555554745604
0.018482056803966
-0.002681632282535
0.008297583611650
-0.032520034775451
0.007673918707963
-0.004443471033052
0.023524704549225
-0.004952219413424
-0.012673868132243
0.033089179775611
-0.055764892600319
-0.039065741046713
-0.035889558417658
0.006056925260335
0.009915880907467
0.014230072565757
0.044033432688107
0.012518192326313
-0.077234450470351
1.027681565841023
0.057841336763075
-0.026847445268997
0.008293946217062
-0.027619565728933
-0.028905378343872
0.050215098982245
-0.013759967363101
0.022053938283684
-0.009016811712385
-0.031710422238148
-0.031558007704302
0.036831816761808
0.024307478993242
-0.014435479837891
0.012410554164904
-0.014879349057689
0.034770652626455
0.011389931423473
0.031772516269318
-0.061448455720861
0.030023452272441
0.004831033173668
-0.011950242928048
-0.004373193404992
0.054171132212734
-0.065944029074061
-0.003180480217225
-0.032906552010920
0.023752522307940
-0.009060156800122
0.046035893182564
-0.017762132642773
-0.014508436841541
-0.041691396237646
-0.034057852058783
-0.026765982650770
-0.011862655984359
-0.010542014997085
-0.031869082646976
-0.011465582675503
0.012824395421942
0.001237439280674
-0.060532175413157
0.059049166177779
-0.067745940027691
-0.053908523366770
-0.078763419577363
-0.057852044446435
-0.047504978955929
-0.019658846085359
0.021243549747752
0.014475334675513
0.048888822952164
0.016860496502015
-0.041529129969939
0.016591563386670
0.030394974231622
-0.008641300744433
-0.015322541151822
-0.008486259654378
0.025871394691138
-0.052363278066746
0.024572182814195
0.057841336763075
1.055549620288081
0.035385600566128
0.038287393853688
0.036376461472638
-0.042244429244256
0.024923870847757
-0.016685359965493
-0.041980928253683
-0.020519542131219
-0.021520006581807
-0.025848466328000
0.008439640156868
0.029400501270413
0.058056076170518
-0.015951099538340
-0.052601936832975
-0.048755775473220
-0.021049068580235
-0.002702777673478
0.030987510707809
-0.008222218460157
0.038272897645774
0.013454687663761
-0.049458727035785
-0.005750667748952
-0.008490639775892
-0.001862268156212
0.060105134055060
-0.042406605832632
0.053609032717268
0.046153010486561
0.074367789224172
0.005066506263940
-0.017128383494316
-0.012486187840513
0.025197456916773
0.020331558194093
0.014034887321443
-0.006368985664290
0.077817555472595
-0.043106549923021
-0.036067526157757
-0.026859954592598
-0.011884626693153
0.047999861298390
0.011902589849433
-0.014664710016395
0.007188488409639
-0.004779730783013
0.057833133226706
0.011717595894210
0.021415444452749
-0.027754110379349
0.041672406083252
0.014088372129299
-0.022227648588728
-0.018683688200362
0.027800485750775
0.013629439537425
0.012299968132957
0.029776748921783
0.013380096487313
0.012921810665632
-0.026847445268997
0.035385600566128
1.052915696111979
-0.025012472919472
-0.002122395917924
-0.032628570677584
-0.004269194411549
-0.028393369358972
-0.003720953677039
-0.014678940194653
-0.013555917031227
0.000804361610225
-0.027351710352588
-0.047716106177874
0.005673985432316
0.049592269220617
0.024863091800949
0.051496641576097
-0.000336814923567
-0.020071218873436
0.038699007481783
0.057237085769726
-0.001047561915844
0.010965905222664
0.045573996985368
-0.072067246573459
0.022538511412610
-0.034201066153615
-0.003615346104229
0.040027396106956
-0.017904885536162
-0.021021314226120
0.011887918331177
0.018354676050557
-0.070649078222561
0.014874341066973
0.004825761581431
0.004944310571897
-0.080438435963169
-0.033046066748046
-0.007561738866354
0.012751036910082
-0.020478479325147
-0.011444328772625
0.002712572536195
0.024729781007199
0.022481203835706
-0.004835346509940
-0.009031386758888
0.016450657337910
0.012516560282808
-0.040974487108984
-0.055671461052099
0.014584355499334
-0.004852393051687
0.034444801028468
-0.018525923506046
-0.033677973248103
-0.025607377853279
0.002432527960946
0.020233933979293
-0.005244896620512
0.037809060252214
0.060744693936046
0.008293946217062
0.038287393853688
-0.025012472919473
1.081507178787775
-0.010953578722213
0.059673263832620
-0.019070691754749
-0.067686425744796
-0.011773521102108
-0.022912118074144
-0.040151845947707
-0.009904789123125
0.039549076047733
-0.024991599280620
-0.017116671690878
-0.034870752791919
0.048833750141505
0.024396950890353
-0.028902465237448
-0.015523400021366
0.012929672790238
-0.062134286231822
0.010767618161908
-0.008612737437143
-0.018385098655782
0.000596217258038
-0.006635130060398
-0.059656156403932
-0.014504343283019
-0.001452393529474
-0.029437632761751
-0.027515744233492
-0.021384447166731
0.011582549195690
-0.016828181311793
-0.050846070622965
0.001110824913056
0.026623358437427
-0.028835916716396
-0.053148327116770
0.017801965781664
0.023547203692294
-0.006217366176859
0.025639829829071
0.012577156062856
0.027719597379276
0.048697234328905
-0.019913442812231
0.048396829464633
-0.022818754081435
0.023687594549914
-0.057485606979881
-0.016318510022160
-0.060828437968387
-0.027660873291976
-0.023868040418435
-0.003524567172942
-0.029875163266658
-0.013127646366113
0.008497687355088
0.044815616231592
0.045730890276388
-0.009753522638673
0.025016073880961
-0.027619565728933
0.036376461472638
-0.002122395917924
-0.010953578722213
1.003301340138064
-0.017124411379106
-0.021026803885264
-0.029871808138672
0.049748275865699
-0.006846510462404
0.023292794362359
-0.006050103533865
0.008083213272993
0.056639312154480
-0.062201285751998
0.019400319641686
0.012054414981344
0.007098445893077
-0.026735680815058
-0.015625939937804
-0.027197636292154
0.023891571992426
0.013882334381751
0.024436364094465
-0.045489909974078
0.006859395194819
-0.006403131402764
0.000103775922922
-0.034696756268548
-0.008956867288413
-0.005273070380320
-0.011141647709395
0.010171381115548
0.050411556111258
0.016659040051830
-0.009694288089356
-0.007369365374439
-0.022545615904373
0.005012224832715
-0.003412494030707
-0.021448990747714
-0.017197009810629
0.001078652758905
0.043404812400703
-0.001135461117098
-0.000088527489004
0.047046978237192
-0.021437873914169
-0.012346361309681
0.009866960235780
-0.020273596499792
-0.041846191306857
0.007246232119687
0.006806696314432
-0.035230138056577
-0.008457911576974
0.001062233088770
-0.053533173505861
-0.033856212004739
0.002461712556224
0.031587983714714
0.028154199962722
-0.028121015209583
-0.044114123919782
-0.028905378343872
-0.042244429244256
-0.032628570677584
0.059673263832620
-0.017124411379106
0.898056048452636
0.107139670717952
-0.012574953149325
-0.079930843973158
-0.068771067701217
-0.004745751083085
0.014684991282827
-0.015936748423966
0.057245833093045
-0.011034849092725
-0.021588811919243
-0.001005192948612
0.034081263038595
-0.015068447753958
0.016866039878631
-0.007102148726932
-0.007713980806323
-0.028349549598992
0.011625073700403
0.036394104429437
0.042603044141546
0.057055976896441
0.039349887420212
0.000831532464984
-0.015723224603906
-0.015874598809493
-0.002366626243197
-0.037461381028402
-0.005187247700712
0.057611365125058
0.034689828478758
-0.064167843959902
0.025467128217966
-0.025191459360192
-0.016351280228679
-0.001425455441251
-0.024218996738645
0.013130529891606
-0.051143592720253
-0.052272256671984
0.004292063691697
-0.049074511582375
-0.041221395409808
-0.036002447945096
0.016247472061683
0.035518483234378
0.015323641369862
-0.007795107328514
-0.050878017492693
0.021593704094364
0.014918963952802
0.017627696182609
0.020271334783968
-0.010526817638432
-0.014997142216533
-0.034434971063177
0.027922126744466
-0.037888487992072
0.002433458311778
0.050215098982245
0.024923870847757
-0.004269194411549
-0.019070691754749
-0.021026803885264
0.107139670717952
0.994024824728834
-0.004368245029869
0.040387991787917
0.009493505080255
-0.062293916963819
-0.034629060628231
0.031200465233365
0.038487983244153
-0.017678277802859
0.019781017788220
0.009943810367439
0.025662688044811
-0.011716566721220
-0.022672233814325
-0.036393752925105
0.020300520662645
0.017248470627069
0.021863661781875
0.005406830098742
0.013688659379712
0.022376526048179
-0.087837384082432
-0.018795992436077
-0.025980024446562
-0.035223814016602
-0.011741336204824
0.000959891129757
0.021935999682686
0.018039587355006
0.039614028955930
-0.050777536780883
-0.001145254628726
-0.046205569622383
-0.000538908019065
0.034360940666027
0.011791985233927
0.018629458752679
-0.038162100814996
-0.002021790467000
-0.009000031220094
-0.052998419262495
0.002227161281411
-0.002388568585096
0.000433113410219
-0.042271760815216
-0.056721062570830
0.034435506368573
-0.043576204071060
0.018291000380806
-0.000979351743007
-0.008922855668877
-0.056401080544936
0.026122662906624
-0.006490555015697
0.010344073643409
-0.021883886989743
-0.029356724478988
0.023530586319237
-0.013759967363101
-0.016685359965493
-0.028393369358972
-0.067686425744796
-0.029871808138672
-0.012574953149325
-0.004368245029869
0.998411064788499
