1.026470020111732
0.030839672875713
0.000980324217426
-0.019220954018244
0.047800065691099
-0.005001669477377
-0.066684981992897
-0.073464212219098
-0.041511775131826
0.043339851735589
-0.018375745789144
0.002746774220023
0.019797523246527
0.013131281294141
-0.038711850187392
0.043434510358757
-0.002248896573285
-0.029150853213805
-0.060159507834507
0.032740022394637
-0.049526385352512
0.014947404614237
0.013950560328668
0.012758885631249
0.045298835228997
-0.026352546869679
0.006478440234292
-0.035521827039090
0.007236502950078
-0.020511339404943
-0.010384135167524
-0.027996700631097
-0.003568931614151
-0.002773084024425
-0.046940650374112
-0.043393412943709
0.006822214287417
-0.036363999036698
-0.023173664939732
-0.001906292099421
0.025953884265243
0.004983139048235
-0.015926285914558
0.013319496288978
0.041068455341532
0.009781399422700
-0.013134731274710
0.007665260588950
-0.008752431102081
0.022173318759147
-0.037284038271122
-0.001936037069703
-0.006943205753508
0.000639596865871
-0.046809855354135
0.012519682912920
-0.064929937027916
0.030655156839876
-0.047243666934740
-0.006044511573551
-0.010250529640722
0.049477618474013
-0.083730536300275
0.043270138187464
0.031014479392090
1.043865096124907
-0.048756941191601
-0.044636363576209
-0.016087761589591
-0.017863488047029
0.059304937992078
0.036928220940970
-0.030797422003659
-0.009109724886345
-0.017850901777493
0.023520234414185
0.047430287233595
0.054904926042151
-0.026272505537194
-0.018343622135451
0.007786032746777
0.006121182546445
0.057817391899419
0.012376517900840
-0.007930090402064
0.020726369931980
0.015114575272790
0.008500247095771
0.008333169594322
-0.041767557731488
0.008269786429180
-0.017321615786363
0.032418281501083
-0.005583411564793
-0.005218282483994
0.030664559510896
-0.023022854621036
-0.023445539003732
0.044997756921465
-0.048156009588405
-0.015178444485467
0.000863001713366
0.017893371823119
0.020185462682042
-0.033121431240148
0.012979388373915
0.053191798752491
0.001699070817128
-0.047769528077519
0.074857892468002
0.001873822793159
0.001696749656736
-0.035030744400891
0.062080535418152
-0.000240069630503
0.041971332763565
-0.049514152156413
-0.024229967567649
-0.014266899063553
0.005715136758742
-0.039978564131463
-0.013222432969754
-0.017340703369876
-0.008425504047922
-0.038736712205707
-0.024138510231520
-0.076421979419377
0.004000438154869
0.000894070634915
-0.048945986222039
1.066897146621162
-0.068842999371503
-0.006492009880537
-0.015150374372634
0.022369204062351
-0.059047132191221
-0.014776288647183
-0.009748170212098
0.003775536005550
0.006533551102596
0.029703370422789
-0.009934999544647
0.082695654062034
-0.003069434891601
-0.003186726373232
-0.019788827170106
0.038107712445199
-0.000556010445378
0.046109278096484
-0.012467590772084
-0.017611295223188
-0.004654500526598
0.007437695407149
0.003429402208766
-0.045113928934206
0.024111747575960
0.071654791804389
-0.033037081870415
-0.027175086705353
-0.008034093167913
-0.011252075987296
-0.012648416449720
0.010847949444538
-0.038867593535600
-0.016177826415066
-0.018924193281227
-0.014889253527442
-0.001714358450053
-0.000976712153122
-0.000969081952418
0.004848475451366
0.016472412283384
-0.020714158822793
0.013017724550758
0.004796245393934
0.028453461654364
0.013630614341598
-0.069691815242592
-0.009627104763812
0.011573400628918
-0.026690142777719
0.057711157986029
0.002536631662336
-0.004094405086012
-0.011243976912972
-0.038056945482760
-0.010093626101453
-0.002631803787530
-0.039913853435515
0.024854591394385
-0.002417724972152
-0.065149687936820
-0.019247720303891
-0.044692535573696
-0.068956411149738
1.067870879857091
-0.015833548967665
-0.027195309485704
-0.014987627897602
0.021778149468154
-0.005180811517047
-0.003232245969390
0.051666851758788
0.021836111970690
0.015172844685847
0.012715207313523
-0.096687662206865
-0.011214712190964
0.048796272933803
-0.005194140055010
-0.008549730424158
-0.000023755444199
-0.028094379819596
-0.035837661508592
-0.036979521982853
0.002587074703860
0.014930686688019
-0.029825724358909
-0.000682719436605
0.012938535381559
-0.040109927783353
0.020480420476714
-0.038840505794267
-0.029240177326288
0.011649647355558
0.002453920540823
0.058252414595241
0.024548221210727
0.049474584416158
0.001371838547877
0.060408771864119
-0.053145425852124
0.024845254521701
0.003092784499645
-0.036932518001566
0.023753512930873
0.012369789805378
-0.021247644361324
-0.032558688796610
0.026032443317708
-0.000490743575379
0.037053762392273
-0.014432406317858
0.017655665513431
0.025495652007694
-0.016812323974424
0.005458887194451
-0.037335751307243
0.021417795017739
-0.028876361006098
-0.036994246325925
0.006663805273277
-0.005203914341476
-0.004147066357521
0.020515741634967
-0.036150856643090
0.047647378980929
-0.016165894589438
-0.006359409457735
-0.015785253015464
1.003497839119549
0.006355607459406
-0.055064789377421
-0.036665993905926
-0.015773034999900
-0.039084221287570
-0.021090360066589
0.016918598257960
0.005926113295697
-0.031946592609946
-0.011435128543615
-0.035474348026870
0.008388881817336
0.052221024625554
-0.011086871536904
-0.023881276692819
0.067766583523111
0.010178520396108
0.003049941001048
0.003837741714702
0.068817015730844
0.012269324371605
-0.013996463178853
-0.034859674354452
-0.009323373168304
-0.052606592127537
-0.053664416056683
0.052534467248713
0.027342532534014
0.019661654338942
0.013164843856516
-0.025633151940876
0.003470983453513
-0.058957015864168
-0.041689081906471
0.039567604877922
-0.021995475335618
-0.001027393771841
-0.030693029809685
-0.039217767971203
0.077290606236727
-0.019234752296465
0.016283851354120
0.014218822149169
0.011476557536195
-0.001797793681421
0.022615056221561
-0.029629295815918
0.031118297145689
-0.008384985221891
-0.034486121634391
-0.049141920302809
-0.060593454348826
0.042201115796850
0.013228479197299
-0.045433528028852
0.040400809214602
0.006341610712932
-0.022863712785195
0.047966785170204
-0.005111952383478
-0.017920267294005
-0.015132818491123
-0.027335524561230
0.006365217859880
1.063548146734679
0.020775197459898
0.003555640497618
0.029326051508205
-0.054068290833170
-0.008761972532787
-0.000109484467971
0.008033033507277
0.028981610356886
-0.007652290709177
-0.016770453523021
0.010449842102034
0.015546626311060
-0.008870627004932
-0.050769945932187
-0.021749102706993
-0.035600940665557
-0.060050825362353
-0.008631862659585
0.010671545425887
-0.018743631327304
-0.039199956589654
0.015523631518542
-0.045792038417020
0.016762071032155
-0.011595198483905
-0.024574026675618
0.028270464199226
0.017262352047825
-0.045257820812209
0.013146338794863
0.010350288730990
-0.077192173961312
0.020568692167573
0.093846268856615
-0.011706308497659
-0.027162200141646
-0.037789367814960
0.003919047841708
0.002375196001484
0.008039118856991
-0.104719399365762
-0.044600325216313
0.017931476858683
0.010738822542499
-0.046542976478078
-0.007579131098378
0.018193858739269
-0.018933862025059
-0.024480213252743
0.034533893339092
0.036004601142151
0.029093966675957
0.020718363779212
-0.046931909633383
-0.021576218002316
0.062712191869634
0.061480607182339
0.050080329804307
-0.066797131116032
0.059424408314723
0.022337310057575
-0.014993006241480
-0.055284664290326
0.020791336643124
1.075349269127198
0.047764848409293
-0.035877227590747
0.032753104960011
0.018875237221853
0.011383692135356
0.064239982308245
0.053116132915751
-0.015500566710521
0.007338899996104
0.060422038433676
-0.014929221050345
0.030548829964707
0.019312673874293
0.016337593499630
0.029593921948810
-0.007097813766219
0.001571764305920
-0.011027367107649
0.011752347207796
-0.020856252076347
0.034193945972898
0.059916703144345
0.010529337844833
-0.078967121957323
0.019788120785102
-0.033491687802588
0.018432852107489
0.021677644816259
0.007415045046533
-0.018477362830587
-0.005431706554922
0.031916781046479
0.037533268729168
-0.003562543892778
-0.020156214153052
0.003383292315768
-0.036321342513420
-0.006818912251304
-0.054515414670069
0.016874791938185
0.001832203026768
-0.024320844755001
-0.045602754056792
0.015032201121695
0.007599905590847
0.001760811275532
-0.026456618937464
0.020814494531960
0.067943250436241
0.025208354355914
-0.023925291387588
0.059765043532024
0.025677286193626
-0.022350438854456
-0.074670583984110
-0.016502513999553
-0.018018122359726
-0.073417944286359
0.036842734443876
-0.058844753558718
0.021681090608738
-0.036778716487677
0.003504388504322
0.047624047096762
1.033968862384932
-0.001584274186378
-0.002094485978424
-0.017333535391400
0.005152367895599
-0.025344400689318
0.009026532834326
-0.000028130957732
0.000604932927881
-0.034822725270050
0.039997307707230
0.019576994766100
0.068345921938527
0.001414131998423
-0.013741521793865
0.049323311174407
-0.024293058681374
-0.077265233755108
0.002581607258800
-0.021336087990326
0.049857243943346
0.001389953739978
-0.007302721528150
0.010560560954253
-0.013062584972155
-0.017122338570494
-0.029649026253944
0.026506999265129
-0.086413178848274
-0.019338608125972
-0.016023904088224
0.053545031063624
-0.036707744506729
-0.010796912309545
0.010481470133879
0.023794141656901
0.014344428454782
0.020433234541832
0.007283149642880
0.008308643374576
0.022693870778927
0.013246184117995
-0.011639492829205
0.008869203146146
0.000874488900442
0.050718119050670
0.020151537342195
-0.007583025031894
0.039992525029883
0.041311140740353
0.018010232033915
-0.011986681692813
0.053274973409741
-0.041541292770545
0.016620227876077
-0.004383583107811
0.013923485635665
-0.041493085644339
-0.030904721081242
-0.014706197368221
-0.005093697000228
-0.015822832894402
0.029457183649658
-0.035978191182623
-0.001691185376671
1.072156633577098
0.041920467489275
0.077603901324443
0.016767944600801
0.007450359137044
-0.035884430373237
0.053572865540848
-0.031547933066509
-0.012201748878480
-0.032870440123907
0.006713273161382
0.023440145645890
0.029163266043461
-0.021604536652612
0.048198354745496
0.042742227827238
-0.028725485522533
-0.008241830409554
-0.043855377366107
-0.003291059907166
0.013269313216881
-0.005020137798605
0.060228006818223
-0.069084042240408
0.007451202295262
-0.018208018895648
0.016825923037664
-0.061169090232046
-0.000002615122645
0.013685570756636
-0.039887781293905
-0.003959741469922
0.035998154842073
0.021898002057918
0.066472285875604
-0.026465981428990
0.056953255588115
0.077063430705045
0.043349335548161
-0.015503341028996
0.070827221374431
0.010292766542605
0.015475301350342
-0.063967726762289
-0.010083237496688
-0.019499306264950
0.000261314246305
-0.009208162313252
0.042053220488444
-0.003001432141561
-0.048912440557998
0.023025023397683
0.046021500966808
0.005272503622673
0.006976701115467
0.003290539910130
0.043398892624344
-0.009056104286192
-0.009786786598535
-0.003349659548598
-0.039168530837053
-0.054201007285287
0.032819599719909
-0.001948702822180
0.041904295474588
1.048624932325047
-0.011272033108774
-0.069666240395357
0.000528683636100
0.057432863591472
-0.048066799935366
0.039940762790942
0.050517173481235
-0.038020510902851
0.021679992432229
-0.000452902841579
-0.029430734617096
0.030038397996115
-0.032838106590765
0.000203946082275
0.034792411178215
0.021063584697767
-0.044543120287812
-0.004796378410370
-0.059087872921218
0.019642194287250
-0.016757158460260
0.008427360411855
-0.015068402497534
-0.015715249767636
0.033027590642308
0.026595117731070
0.022276809447338
0.017979466018561
0.040790991013327
-0.037722791763419
-0.000907864849537
-0.018084688913864
-0.021884978846329
-0.007620250970492
-0.000156065371566
-0.015358083393019
0.052856276842883
0.022643011528738
-0.048826786938556
-0.008140691698372
-0.004305463669600
0.048141879003388
-0.009973996241129
-0.019467380504684
-0.048890181497475
0.018307801825869
0.040501632699812
0.037719336959060
-0.060860721642721
0.075343087871861
0.025792545867594
0.015131768670217
0.035070166230965
0.029105756029176
-0.018398666793585
-0.017790471977792
0.003742915815053
0.051626566365275
-0.021036467943180
-0.008771542742839
0.018908729909299
-0.017388131732758
0.077586836623560
-0.011338783993996
1.040756011363156
0.023824268717749
0.010071803921039
0.005931480234344
0.039632207669500
0.016583531492488
0.024032085429946
-0.059519343534776
0.014050004319506
0.037731469659131
-0.042578892322454
-0.039824305004462
0.012716930583432
-0.028405494021227
0.047991688561071
0.012259119214548
-0.013743821901537
-0.020334975684636
0.028584410254194
-0.046728222173095
-0.000261905025836
-0.060700269916515
-0.025811267969102
-0.045626937685447
0.013000184154858
0.026346041993979
0.034715169119462
-0.029287305031263
-0.035504741522069
-0.045227144949073
0.039529565888070
-0.024644299964563
0.030500061241698
-0.033917029824618
-0.023563562699684
-0.011108139225432
0.036214438553632
0.002924947936199
-0.007432530231159
-0.042724405716572
0.014223034613594
-0.025153007899103
-0.009727875637042
0.066814736427455
-0.014391783342775
-0.008663687586661
-0.004517990458097
0.011261264738432
-0.018869703393444
0.006811804925746
-0.021333901938325
-0.025045943912118
-0.015725020831529
-0.018023078799862
0.002690085293382
0.023537766714841
0.006499717306672
0.021793180149730
0.016819588561129
0.000041262071970
0.011504552716632
0.005149315499238
0.016752090247018
-0.069535709524626
0.023623771996900
0.980162387111311
-0.009268479873298
-0.004238138102645
0.003576437231305
0.025091970911100
0.036693322798613
0.020407232646174
0.053685741426732
-0.034919588452556
-0.021157321298525
-0.070007231547737
-0.003932661588839
0.025793908748575
0.013633977942361
-0.000510887923897
-0.044914112071433
0.038606585540145
-0.003659154845620
-0.005104649036659
0.066980154107355
-0.042465063462192
0.026987773359837
-0.043228219252250
0.067997917946561
-0.025353017136397
-0.001119781338050
-0.014539398277931
0.047756959983500
0.011492355732294
-0.023337158945848
-0.042829917994232
-0.014651909524257
-0.017906223715450
0.053911158146805
-0.007853779155107
0.051334200998754
-0.000598970219860
0.054352516021525
0.042328119037151
0.024498392587239
-0.010510697710419
-0.013424905835607
0.023409822709496
-0.017023158730465
-0.017860933847805
-0.033857555329654
0.033617859935972
0.006896166610494
-0.034005978664152
-0.019263881086649
-0.019252757811518
0.018312503479903
-0.017289769266953
0.019982964893923
0.047614253356197
0.029716663434933
0.015031706989078
0.006129361068184
0.008025476529375
0.063965071075464
-0.025354755010276
0.007517524562568
0.000415143769856
0.009993415942052
-0.009326823940439
1.049620002797867
0.034455077040586
0.020914185480646
-0.010754159430160
0.012132097371927
0.098550259727320
0.040789657221550
-0.001830046082919
0.028328922034537
0.007035192520930
0.001866265546173
-0.022339445300096
-0.104923971532757
-0.009839814505621
0.017386272356171
-0.021531589886391
-0.026819960362882
0.027163391780725
-0.025458702618610
-0.045906717087687
-0.035567535710108
-0.001043801623932
0.011201943415212
-0.006902035835914
-0.008739630195507
0.014344044161246
-0.010949822331185
0.021123798091679
-0.052364152971722
-0.021791053319392
-0.004467361825984
0.070538968484196
0.000149605880065
-0.003068820217217
0.006121922157948
-0.056864500137557
-0.073767748980893
0.056159421376844
0.019681874344513
-0.009438525086816
-0.023961946762780
0.026470998235389
0.016990419598262
-0.028887313580058
0.011461299763134
-0.053877002210624
0.026916592051083
0.031100373089479
0.008408542077927
-0.035229893104791
-0.002430984674798
-0.044674107650856
0.013104556939118
0.054617346501740
-0.010141854278821
0.012840302260399
-0.032233339870224
0.028947205825583
0.053016236858979
0.009157276469118
-0.035729424234139
0.057382852802064
0.005849865778602
-0.004281682003814
0.034617421731574
1.046467119313975
-0.077408734717277
0.009209707780267
0.045586344220654
0.007595455954264
0.040060735536657
0.008457855864635
0.018049973556874
-0.010185167439343
0.039894751437904
-0.010218712336419
0.034210899977273
-0.036636700883667
-0.021478358209285
0.041660171550893
0.057743998305700
-0.026278439539857
-0.047776366843528
-0.059802182700708
-0.000870565310188
0.012518262379268
-0.069922615300053
0.026595701564797
-0.003466268784979
0.000570292915818
0.049875469901186
0.011385584330131
-0.042350994808845
0.010224987973080
0.042071808263864
-0.033822127295784
0.055092277216663
0.000967431104273
-0.035767482771434
-0.006405002954609
0.019609323899720
-0.008570095693637
-0.011343284462292
0.011738400345238
-0.005810235258841
-0.003097056035913
0.002125761564936
-0.019499174306785
-0.044086464422906
0.021408497646520
-0.008029021829930
0.074087664139029
-0.069754763197950
0.028746956877015
-0.008607682179353
0.014726558547464
-0.038917784042763
-0.026344503756729
0.082916250424822
-0.096843580505814
-0.011607868368968
-0.007712142161890
-0.015571334127970
-0.000131244373133
0.053715961922203
-0.048180316132492
0.039776327060734
0.003371760857644
0.020926586569646
-0.077647071024741
1.106654714779072
0.040552543157302
-0.054820909037350
0.011006116444842
-0.002816635922788
0.011582562848393
0.045622733161664
0.006890658269695
-0.000061741088560
-0.072730215670825
-0.008729645319905
0.023849455572222
-0.004523795504334
0.000409594893000
0.053225556881552
0.054912823204121
-0.033738069055275
0.014516606661025
-0.024160235928936
0.007970242668062
0.053417713557484
-0.009385022323039
-0.033915666504575
-0.022321747989200
-0.015264085245781
0.045329489021857
0.060087197695636
0.042393119091784
0.070399025005872
0.042289481581809
-0.003688719045270
0.017850805012274
0.003640493112932
0.017583385259956
-0.002411366706887
0.012651226934228
0.037672855949659
0.016037461411314
0.046601471140429
-0.035159200674717
-0.032016117069082
-0.000471343146885
-0.062509179723350
-0.014727166783099
0.045570447052117
-0.008111145208047
0.016621722853607
0.007252394561969
-0.033231855569547
0.009664963791798
0.043238925295459
-0.018303343395841
-0.002991657054678
-0.011150130665309
-0.035612939959244
-0.016824083915461
0.007285364177805
0.000623751012305
-0.031436762010246
0.039926729047880
0.016610744318447
0.025163543124531
-0.010593484034201
0.009139527129592
0.040383451692573
1.038290744885796
0.027112177110809
-0.009513193457496
0.021942878682670
0.027105783873478
0.043856198149786
-0.049043123518436
-0.028180420493208
-0.000006070554804
0.008716531127301
-0.029684272656319
0.004436562034609
0.043842535193024
-0.057754239336672
-0.032338266611503
-0.028804171711095
-0.037505926909810
-0.065689951647095
-0.044711228058632
0.100872581875235
0.002930339364396
0.025709436050409
0.010250763129008
0.052050599769871
0.042498317478631
-0.011884284297335
0.055240791238358
0.031402847672841
0.019250501658954
0.015067578690136
0.038779208849972
-0.002416190577186
-0.092392312093541
-0.036628596523094
-0.048226014386058
0.024737378400133
0.028485184118613
0.038319622959734
-0.008345194452850
0.013523344040720
-0.033557835402030
-0.012048898292350
-0.019471441907890
0.006745857353256
0.014759270001974
-0.016770749368013
0.033654233933040
0.013993559496647
0.024344017764302
-0.002327932025715
0.007900699509168
-0.003319312928609
0.049006855271329
0.008340267874182
0.010597911578430
0.060607945054423
-0.035034568899888
-0.012333462079858
0.050562112488796
0.024179501284236
0.036943657813143
0.012376019473977
0.045458587338752
-0.054905216515878
0.027069405556208
1.146350195850042
0.010299847669437
0.001648625438383
-0.003623347474718
0.022433479002127
-0.009605675090295
-0.032304860674794
0.027596432928906
0.054332444534726
0.041413738325941
-0.051594662750833
-0.009399641125372
-0.038839386905664
0.021072536135520
-0.055166754729249
-0.021228263028687
-0.040213552809690
-0.020208499579349
0.059074722314703
0.035887707166074
-0.031425204411489
0.070797778018028
-0.037165653197720
0.016299874795482
0.028084116572777
0.056493128672607
-0.005109369231048
-0.060237584583716
-0.001457568021554
0.042273060634488
0.018624662860196
0.009866190641399
0.030601794309126
-0.067194426785766
0.017096666146579
0.088225456419534
-0.091181021960062
0.031143015084714
0.040485445866967
0.045312394804558
0.010690279301457
-0.008295936740370
-0.051809745970582
0.062816412194733
-0.021410478222075
-0.043706260607041
0.038415480108387
0.010702776224166
-0.029277180524694
0.006023397327537
-0.019860634975353
-0.005104688183587
0.052326886177059
0.015713101489250
-0.014838786063205
0.040103239353350
-0.032894868026799
-0.037803514413801
-0.059699325833772
0.020392674720025
0.098709940664742
0.007668913923956
0.010947863841017
-0.009420508397687
0.010410662029644
1.077459209541686
0.022474293939788
-0.029180613983518
-0.006235353934975
0.004408691650983
0.015934592135575
0.040949306170287
0.000400269775408
-0.041002080481275
-0.028751639310421
0.044266110834257
0.005290848704310
-0.010368702099470
-0.001442237662163
-0.044691360317605
-0.032243154010412
0.024039062450027
0.045352990502423
-0.033128458347179
0.003290654588179
0.019414525225348
0.008325289119097
-0.021705658267446
-0.026546030562186
-0.000646063986114
-0.023262695921055
-0.056981132962774
-0.007270206458961
0.044440848415307
0.017864952784126
-0.019822466948465
0.001624064994042
0.024403045952648
0.002123334967360
-0.000588673940124
-0.019924028335033
0.017691969538170
-0.009870357117633
-0.027007533928720
-0.027242242276836
0.061326440820543
-0.001222098462960
-0.072158544074169
0.001000893815717
0.004656158067559
0.049464416132025
0.019423142269905
-0.060134823136857
0.057793853429788
0.037992987269283
-0.008502381701915
-0.010982420321233
-0.008884300533755
0.030640635217856
0.019602475408869
0.006677611927626
0.021713153244821
0.014114376123424
0.053802363791663
0.040856601780375
0.039944311354815
-0.002921166796312
0.021947261928597
0.001910903630871
0.022488192162431
0.998707369924203
0.035980896660468
-0.016891630406206
-0.002622605978510
-0.015974937887317
0.014048435084852
0.017981373804961
0.003308326432736
-0.008705194852365
-0.009640216323757
0.023672512464989
-0.011017010668957
-0.024975949914118
-0.008922224351264
-0.039404981013318
0.033288268739473
0.005275178109869
0.005593198616809
0.005386880462120
-0.014272131734652
0.008538537996895
0.001561244653935
0.021328735680725
0.023491417902646
-0.006310979787441
-0.038785510482506
0.003785475865553
0.006984164229063
0.046394420945686
0.077533998772502
0.022930067636276
0.000692735387198
-0.016740792028575
0.009375632725399
-0.043546930351718
-0.019943937267440
0.019446877070059
0.018573461798966
0.005424729840024
-0.070784341168586
-0.015589346496992
0.028194502921892
-0.019218230471412
-0.002646574849335
0.058508256400613
0.017139926688476
0.032716025162010
0.012493048249093
-0.000319461386964
-0.000036722081214
-0.023866438574795
-0.050866168178010
0.019333282473940
0.068210492275329
0.023540545861064
-0.000413145214883
0.037664212463202
-0.035091241033914
-0.001844204633507
0.008606297574063
0.011481341531379
0.026896672335822
-0.003504053038055
-0.029078813366741
0.036029168419231
1.012024992260451
0.016420117720502
0.034365008052834
0.023330664806178
0.011008562138566
-0.020199900121028
0.004233775162280
0.053210980348322
-0.044164329386822
0.025211127300459
0.017939032441273
-0.004888435273874
-0.015849349152658
-0.013053869094199
0.004380436079432
0.049702670646691
-0.114769643058096
-0.014786436827926
-0.019952648540240
-0.058622544950274
-0.003220345301534
-0.001841114706019
0.036833818265701
0.014622750197763
-0.021785245102953
-0.015223146532208
0.001495565491801
0.009230483109426
0.009820772163052
-0.005628189952179
-0.042709168486246
0.056241848925350
-0.012763109192274
0.016996416930203
0.044447312006526
-0.051549331496990
0.007165146709320
-0.021691915981931
-0.001020388724145
-0.001165161751925
-0.024206337415798
-0.065567616622340
0.001881400760214
0.047209817604354
-0.081074378439870
-0.049651354926039
-0.007860664716002
0.046175992921949
-0.028217557328701
0.068157451037973
-0.021813943004355
0.016293944224452
0.001536405656887
0.029370266928537
-0.029585460699388
-0.042820448596831
-0.021180467751420
0.028519175746017
0.018254417042900
0.045684406901855
0.044188025661713
0.022248897112176
-0.006227118895029
-0.017123622388765
0.016551985442195
1.113355816278898
-0.002761885532373
-0.000272788234725
-0.009734778449089
0.001266613674619
-0.000121812733814
-0.011132162503652
-0.019347996467192
-0.002237539209014
-0.036412144758025
-0.034723999660412
0.037522610745339
0.048222635244214
0.041880400481300
-0.007068678338808
0.009262763962433
0.013220327930602
0.004834198068406
-0.030437762162597
0.061656229169110
-0.053793776782283
0.018664590266836
-0.029099299730543
-0.015321842770934
-0.012299591711699
0.023204673197374
0.015636837366334
-0.038085575959290
-0.016056649375805
0.006285450324292
0.038684711867890
-0.008615661661097
0.055162082259167
-0.031076526714377
-0.025936412349858
-0.012331528162824
0.009949576930285
-0.033160560600610
0.067634714431397
-0.005989674636442
-0.016933901789027
-0.039627211830148
-0.009858004054524
-0.015977940908935
0.015102648596262
0.020752652393690
-0.012385562865072
-0.035788327938905
0.010212629893227
-0.035596561225554
0.029560586379137
-0.013795993427815
-0.021566773328813
0.029882517311192
-0.039741673634623
-0.070053490506577
0.006926250012440
-0.010078509411088
0.006888283584490
-0.048995848326435
-0.009580864032683
0.004411025142106
-0.002556575559366
0.034168505355531
-0.002721168897603
1.019366889706624
0.021981510814266
-0.007609775417118
-0.001948959726627
0.027887587701334
0.017004961645172
-0.091018605080363
0.056594363979432
0.012558580382262
-0.051368236807837
-0.015928257454600
0.038497475312479
0.004246270897413
-0.064685084666795
-0.027568500806104
-0.001934651659604
0.018282829613654
-0.083605027181188
0.009656659083565
0.015147994896214
-0.007395382907796
-0.042744485712503
-0.059750824332220
0.005456244391642
0.001252882126867
0.001323519168860
0.034533744595572
-0.033868103277837
0.025476029245759
0.013241923130625
-0.015071232375339
-0.004191459366517
0.054199015753675
-0.025259301027056
0.009182529560736
0.056655287201424
0.034022181336961
-0.037570014987306
0.048762641185941
0.007760679550863
-0.014344563779367
-0.019850660339987
-0.026726003701938
0.013996888141823
0.015203438469934
-0.017463961212747
-0.036973278752489
0.003121683853063
-0.060268565390275
-0.007144781823766
0.049484792156722
0.048278899364315
-0.032840368737412
0.012726159464638
-0.003981659095620
0.001940917520349
0.040177690544959
-0.000024181078461
-0.028193642762322
-0.032394136407160
0.015893722196720
-0.015986476874150
0.023457018680840
-0.000323621876488
0.022061287056675
1.108269159896952
-0.019320375327016
-0.029164783309555
0.000451988675613
0.007784473768302
-0.004629616830116
-0.001180603845643
-0.031265244803063
0.005569857076292
0.015785966020509
0.098229390957924
0.008036277999257
-0.033378123617869
-0.027119102544474
-0.011809804408089
-0.010140768456689
-0.011923832770463
0.017924472534784
0.013480860574073
0.031124530661011
0.072831243974031
-0.030724707127483
-0.037925850797879
0.000419822142651
-0.012031005125365
-0.010839534784395
-0.027413234608052
0.000979095265948
-0.036017359336520
0.027504114624614
-0.033447630392583
0.010096258986402
0.053276513995557
0.028025116269495
-0.069840523809277
-0.015645666291601
0.063339897716812
-0.009793402607937
-0.026196837264406
-0.012314277220401
-0.027764527232420
-0.038741682216583
0.012907055657731
0.008485925086609
-0.004660038957959
0.002600115254565
0.003988680722994
-0.008584240676912
0.001645600050506
-0.024249478709920
0.042820289768783
0.000183057945475
-0.028530379438063
0.025935095684635
-0.022538558816837
-0.010205901775179
-0.072510655410258
-0.000083391286514
0.027470753574642
0.041052725235925
0.014082119265593
0.011113914637256
-0.009718910598114
-0.007607344474430
-0.019331773310752
1.059941412781111
-0.027961841577516
0.029607724203595
0.018161250011414
-0.011114036156313
-0.008708768965602
-0.026477767532446
0.037344993929499
-0.005864350840588
0.021922671403725
0.007095326644727
-0.049627051009355
0.019494400210161
0.030197933936559
0.028498891808709
-0.035887520287743
-0.031464689074542
-0.043614716932305
0.055281613825165
0.034078837333068
0.009825524713608
0.038944333116743
0.004360816548213
-0.000658816165677
0.028610800809471
-0.024531853995040
-0.010549528251644
-0.003552702517916
-0.014777474704400
-0.015847212991061
0.075552995488218
-0.078101558234697
-0.024396757548042
0.009627463885925
0.057584631779813
0.048399551335812
-0.029923345890253
-0.026201698583394
-0.009279703123947
0.011462472079386
-0.011756148599326
0.045417733044580
0.008317757270441
0.007501877237140
0.014932571227825
0.069229345064539
0.010620275804801
-0.011125548498202
-0.077495393653399
-0.028791118212593
0.034780873192366
0.048020707287132
0.013735759519248
-0.105299212807871
0.034297521782626
-0.008612140685252
0.008490927168939
0.053989385295990
0.000475564194080
0.018085431099126
-0.020105264468827
0.001173361483196
-0.001840997504003
-0.029172844183160
-0.027845655408543
1.071028885763535
-0.032022485327422
-0.047883952247433
-0.055368511857968
-0.001720592730550
-0.008757241372747
0.010948531835989
0.047688866453119
0.025775100149012
-0.002306040974166
0.018581328096022
0.040520628994871
-0.019162330311137
-0.068821554704354
-0.041820512900923
0.044954026328641
0.043635487874383
0.016912454930423
-0.024404006613090
0.034014833219117
0.004701972955144
-0.020027055605005
0.019871428784777
-0.062222953106511
-0.004997213289899
-0.026387650643107
-0.009851356380003
0.010381882883437
0.002719582169387
-0.015359690717207
-0.066004723899189
-0.070739710745601
0.025783159795212
-0.009300704608401
0.066631972203890
-0.001722968539422
-0.025016737414846
0.008549415033063
-0.043402637531297
0.010354814347523
-0.026368897171298
-0.041931821474538
0.003383324067775
-0.029811681625196
0.012404601277088
-0.018693909570520
0.011452815981278
0.002538137027827
-0.008356191203498
0.021113527387601
0.012276376005706
-0.000460953322491
-0.009897810852553
-0.036611757787265
0.023702602612310
-0.029654562570062
0.041033965664551
-0.040905749090189
0.003312029713830
0.004169416097600
-0.000040815602819
0.027835071041685
0.000403181959280
0.029643719578680
-0.031994017616102
1.002411408729393
-0.002253548176690
-0.042802264021528
0.024205108107191
0.011676758340825
0.019685780121417
0.029975336370675
0.037829501019980
0.030472327996255
-0.009357921907293
0.019433767828815
-0.004089650419741
0.010275904198210
-0.034866834482243
0.005554051149912
-0.016410423970347
-0.037837591972648
-0.026891215042835
-0.009569069856419
-0.064418987222851
-0.030726667700563
0.000868223560259
-0.010459805147375
0.003793796396780
0.009244390871585
-0.005526469232046
-0.022323663595575
0.016668051334057
0.015189249087741
-0.027923674897668
0.021521296778768
0.014586208827038
-0.011774106973274
0.002738936388287
0.023144692641340
0.018613193218533
0.045980420758704
0.001402228603009
0.017648690078545
0.006476728818985
0.008234822128528
-0.044865501930611
-0.000674553771289
-0.014042624506904
-0.039312818576148
-0.020734227057127
-0.021332158381630
-0.043721356811220
-0.044549422923837
-0.013647016577902
-0.045094438398780
0.017296516100436
-0.021480324688997
-0.004507959012203
0.004406338911546
-0.051229989124772
-0.028683186850509
-0.008520709543694
0.053400278074644
-0.011248777275209
0.017096400284432
0.007840701910746
0.018023405781798
-0.048071798075542
-0.002390014693981
1.038387048418197
0.003811244273323
0.008779544241839
-0.030428583937879
-0.014175674635589
-0.002871658001108
-0.043842075482163
0.019863695165059
-0.029183515352539
-0.035165986528126
-0.020721152265589
-0.047953973258592
0.023733568037067
0.003133203561058
0.024133733221317
0.007915875483132
0.019864908280236
-0.053570294674556
0.014460222867283
-0.057851681133421
-0.002460667110647
-0.005257735525671
-0.021059206575151
-0.005897577031395
-0.000897358250210
-0.051837256805322
0.018036419863113
-0.056789387174257
-0.048211431209648
-0.012437104251614
-0.010110757894603
-0.051894998245630
-0.021721356735993
-0.080627936438384
-0.016678683476317
0.023966827622198
0.061127683732474
0.025104152667628
-0.035587313319970
-0.017282315114485
0.023945509564002
0.013031636113301
-0.034844606350826
0.015487758299261
0.034063804134640
0.049757184558670
-0.003360377855509
-0.004760545577087
-0.020428726606170
0.038683430423087
-0.021279209701009
0.041457417906027
0.000315012704400
0.043871502893786
-0.009246638379620
0.044166109708910
-0.009714199058551
-0.044208355364616
-0.019283481720703
-0.091192469226336
-0.004553489122627
-0.011048708268151
-0.054989642575259
-0.042854642972762
0.003741249982756
1.037456788392674
-0.019176275734544
-0.042716751796491
0.065646778620959
-0.000424493162533
-0.008974946821924
0.022725239412827
0.026622935064744
-0.005681230793448
-0.045922486503805
0.039505883411467
-0.000615115213623
0.028442036161228
-0.011473874730409
0.030306950966309
-0.007403521681496
0.000643997864122
-0.025776870076426
-0.031617372882382
0.004806518660662
-0.034427836506172
0.016803794739149
-0.047097088723019
-0.015701169449438
0.009613680920813
0.029779742005242
0.000295508191336
0.099843805764838
0.031605180406650
0.043546977200920
-0.045103922956147
-0.014840005213071
0.012093793341788
-0.060464868881481
-0.004203156993031
0.042918445733120
0.047112617197279
0.007412324242307
0.032519354106990
0.071949920411379
-0.040295405916982
-0.009363081871124
-0.045992994680510
0.060033191155421
0.001345103558928
0.013452762694542
-0.059380964038664
0.028617725141415
-0.003712309461778
-0.027112542654396
0.058124243317360
0.053385567133148
-0.058064508503547
-0.038984867085887
0.005318491174903
0.023719023091076
0.025505511085090
-0.002362298137086
0.056901835664040
-0.001165494175659
-0.008757261921663
-0.001729678490181
0.024407257953248
0.008809841198527
-0.019225005232966
1.136889123805772
-0.012622805804245
-0.034892026684965
0.015420357422008
0.023560113265852
-0.080972535819871
-0.004563365009356
-0.024816963917689
-0.011081938809082
-0.044345792057926
0.005838120229315
0.010311208806619
0.023758243044799
-0.017385207633102
0.021386583854840
-0.000678152914918
0.006983192504434
0.025714072288289
0.011401024608505
-0.006858095642871
0.068364936657848
-0.028420469130281
0.035998937034963
-0.009652928604832
-0.029804177548476
-0.011172527358678
-0.082460122868529
0.043583833875410
0.032385909388398
-0.022198266648428
0.032480743537902
0.006500731348806
-0.005652646744518
-0.016838359681087
-0.074448552527398
-0.056874758507130
-0.020532676766078
-0.005482049941425
-0.033000819184468
0.020281082816932
-0.052447051720533
0.016733646692667
0.010427176243124
-0.007163043064153
-0.005071143674978
0.019534387122808
-0.046602980434695
-0.005069727349551
0.027155654616778
-0.026148007084217
0.054496507390185
-0.032178079653912
0.020876298040327
-0.010343604602198
-0.011165700435478
0.017830797728173
-0.036118005461556
0.012570682807932
-0.031104020666709
-0.026138574595503
-0.008699825051614
0.011710913567121
-0.030381041562972
-0.042535673150447
-0.012490546851952
0.960648513226896
0.026998846224724
0.064273422002072
-0.016974833272883
0.000392750753303
-0.028102063980616
0.018787162883854
0.066964901639755
-0.014441921696299
-0.023595297371611
0.000443644026328
-0.062749271885705
0.026863608347527
-0.015531304667103
-0.007102393925273
-0.000744517696547
0.039394640663745
-0.004992501432832
-0.005741323598767
-0.075666151974023
0.049762450467423
0.026944080922896
0.013791950359003
-0.003449197470135
0.031284287176015
-0.010160899281113
0.051516049396938
0.000014808150704
-0.001269760034289
0.019508511686282
0.006149812615160
0.026303175357212
-0.025905856850700
0.021101909649207
-0.008470323684138
-0.010479296650737
-0.005234797675618
-0.027047877670865
-0.038928137130257
-0.054057729983489
-0.011325564464071
-0.078690229201591
0.010656313339291
0.060287274040946
-0.016536593970740
-0.000263602811082
0.067029638344582
-0.025512589065660
-0.047602641790949
-0.033611420024825
-0.028694389944716
-0.055051218133476
-0.001351375942612
-0.025084680580776
-0.004728370992813
-0.034709430307981
-0.051380014974010
0.005613195831592
0.037088267706277
0.010703162016497
0.019735946999691
-0.014232471619509
0.065770909967827
-0.034763055802628
0.027034478680934
1.080969316001305
0.001575080398748
0.049859435005349
-0.033057686236363
0.010639109946385
-0.080421266230737
0.003347385597581
-0.017166802014517
-0.007980818145303
-0.023868398431423
-0.053977809455080
-0.040192363060045
0.004538764359456
0.025695092001447
0.077087687624591
-0.012445512149403
0.074889239359977
0.057810885778693
0.034653631601355
0.027118514978556
0.047004939874389
-0.044226961693729
-0.011018631349592
-0.021040023232140
-0.051779179721198
0.057843562234627
-0.007883958107189
0.004196745221046
0.024960183170183
-0.095963200788969
-0.035788833317547
-0.006224985620401
-0.010260398537873
-0.031159303995537
-0.028013207229361
0.030509161758318
-0.007984969228142
-0.029087370264200
0.052295789866088
-0.024495557775044
0.019824167794309
-0.013147003394623
-0.068953407231163
0.008438295343194
-0.060396810048131
-0.042428425843374
-0.045818213185536
-0.059722439941147
0.014461561841707
-0.037360593512972
-0.021063288254111
-0.044453192697214
-0.008806963121773
-0.015850064264172
0.037423575676820
-0.015779726543328
0.015731333474945
-0.005827207690744
0.047438820171008
0.029942400161171
-0.002910468816061
-0.000536905565562
0.015274670285081
0.064389621072020
0.001548515736867
0.986463274323912
0.052783803804925
0.004714514563861
0.040109897460962
0.073024229595629
-0.054545080892638
-0.001788596665105
0.003149764364696
-0.023810628825040
0.010758222688023
0.011929414445532
0.035463777390800
-0.020194271447479
0.023084092029737
-0.018454974538993
0.024541896316198
0.014230093686562
-0.036576343977692
-0.031596451136248
0.041352354599062
0.031745416055142
-0.005952425520975
-0.012254607645407
-0.024433780221972
0.019729275618215
-0.007117224495831
-0.047405662057518
0.012324945974519
-0.041396538600043
-0.046307884502874
-0.008206556696470
-0.022622384717694
0.009926786566121
-0.003532889634379
-0.023083931278794
-0.011181795416639
0.011772055518490
0.027421501326584
0.028273269280655
-0.033361803774638
-0.017185936324807
0.007530348771242
-0.015072706810608
-0.025815554935420
0.027187415836903
-0.035786875193479
-0.000764604196803
-0.024171852935140
-0.065804155344549
-0.040190714177867
-0.032129108211142
-0.039513247169557
-0.012994985958695
0.048075528221765
0.038597011728088
0.098162275045887
0.021906625991323
0.025826875221140
0.038067003541671
-0.043898226106203
-0.009100016212603
0.023492475490597
-0.017179745705131
0.049993523816986
0.052994303552411
1.107876059298586
-0.019254052858856
0.015205609301807
0.008429390419830
-0.033364151249332
-0.000975766936515
-0.051525250923830
0.031979921333518
0.014523617708146
0.001154320412239
0.033771526465308
-0.018127980580752
0.018762873508350
0.080539639459369
-0.005902539756937
-0.016950663409346
0.091141422754595
-0.001569770784802
-0.016491961359876
0.015306910271923
-0.050959189797767
0.033794172700703
-0.026721684785851
0.039370739003020
-0.021748341710102
-0.002651871538113
0.090517459640420
-0.021001171863404
0.013281729326890
-0.026284596506342
-0.012065646417112
0.028394177212763
-0.002864992471140
-0.023305288295468
-0.012687299013702
0.002339772498708
0.019570237215037
0.017176305124772
0.018487013882278
-0.029439411347078
-0.018251607491340
-0.015591477312529
-0.045460746215347
-0.043008023822041
-0.000950440138768
0.012575828558799
0.007810369029516
-0.044497988091942
-0.019975311075258
0.023917156169810
0.033123523833510
0.004314232785057
0.041744725164482
0.004281916949858
0.007972620303567
0.007214453312999
-0.002418733126230
0.030294851995584
0.019770871182874
0.022672790559344
-0.080394190410713
0.000305386363313
-0.032899944745473
0.004706745105049
-0.019051073655228
0.982191625608356
-0.003573087284011
0.072107587166210
0.040394624084362
-0.021943455942057
-0.053572274626518
-0.024209401463038
-0.055043789045166
-0.027133822426437
-0.091978514968129
-0.017777781273085
0.002276810231403
-0.005108351603322
0.052317756168751
-0.007878059620330
-0.049004681850812
0.038729923480595
-0.026808262496294
0.024179192364734
-0.011581845316139
0.049712138306311
0.037535665679455
0.016460378104557
-0.032194606385900
0.019711404739903
-0.045538760899684
0.009102025638626
0.023863069756163
-0.017905610688835
-0.020617827255614
0.020269994563340
-0.047022768235396
0.045034069605664
0.010959418970982
0.058260579934815
0.013346851711708
-0.045168295308276
0.021473816961267
0.026385708759894
0.016706131234114
0.033034805473747
0.013047296228008
0.068129548675054
0.011325908177409
-0.070058810423432
0.053250723681971
0.101126183120074
0.058793930030900
0.045425819087920
0.005136108283731
0.049838756521081
-0.006808833746666
-0.064924118722295
-0.033206706450517
-0.049606103667095
0.018821041511042
-0.009275662475375
-0.029096070329426
0.026682140056404
-0.004595018472657
-0.028159546038913
0.010700962931334
0.040100999840139
0.015026598481788
-0.003396542624743
1.054706924553605
-0.028418460611626
-0.048410094030287
0.020705063975325
-0.034162282913233
-0.044380445845840
0.046764571816518
0.038300571211828
0.027783651019998
-0.002221560746778
-0.069145667527051
0.010759856128140
0.000102996263465
-0.005130068486694
-0.037515005382311
-0.009759718336160
0.022977139423925
0.006045491678128
0.024555482872407
0.015455444010576
0.016873197046852
0.016108110303868
0.013855671884309
-0.009464861641455
-0.036474438556058
-0.019664909192379
-0.008469610288068
-0.005849066994798
0.022974458909806
0.018449248092520
-0.043652796447402
-0.048414421187198
-0.039022239983621
0.024595758099343
-0.025856551296645
0.013232163149174
0.007275064579216
-0.086569729921145
-0.061484294197951
0.026870592970922
0.026619935843197
-0.025376518982820
-0.006864548341870
0.026766990652787
-0.009655437225789
0.003154383355960
0.035960890460205
-0.033294590174090
0.005674701476914
-0.115487022443079
0.009250300832477
-0.027796217061981
-0.027267304766033
0.019666093723606
0.040661810108560
0.019555352203580
-0.035414530494541
-0.005684133008151
-0.024773135055379
0.019018122833521
-0.080753050982950
0.073335659829440
0.008499282357590
0.072690334547392
-0.028652022276652
1.141358244630289
-0.004722415614427
-0.016165869739846
-0.043398738368305
-0.007623938931204
-0.005110676367895
-0.027107650072459
-0.018602323123266
0.007563902962455
-0.013661410651496
-0.001451455012761
-0.036851106865167
-0.052740312139710
-0.074228317380768
0.005089195080298
-0.053534711108451
0.046453397559168
-0.026873460091206
-0.012324516823314
0.060371791804053
-0.029632407067092
0.002595657751386
-0.067113967737441
-0.028708119781729
0.002430722598248
0.031296067757221
0.037775274691334
-0.052466637010433
-0.029916226975900
0.006799262225086
-0.015114239406015
-0.016200988413879
0.049423183496435
0.003434307745131
0.010425147339992
-0.018458332948861
-0.019433822982434
-0.000071377148554
0.022429682088259
0.034735294674245
-0.001164827571489
-0.008808996917938
-0.003740094346073
-0.033860192413992
0.025713491365517
-0.031108310538656
0.003245557620344
0.005513034852623
-0.014946148173289
0.013157217818325
-0.001953900716531
-0.011832219265992
0.030044669616219
-0.019136805286777
-0.004014707311622
-0.020843060948473
-0.045960222863068
-0.011094518391701
0.067290637995304
0.003254909886090
-0.054558114197278
-0.033256642905553
0.040616029249297
-0.048218140896847
-0.004430791630784
1.008415676929169
0.037720085840167
-0.008168091796630
0.004420395137297
0.027596327776699
0.003065116436622
-0.066034801517220
0.037066525785436
0.039571372059954
0.045340254526613
-0.021347233674280
-0.017024164100448
0.015681033240433
0.025694838653295
-0.049012899937973
0.002708413476440
0.025307252068013
0.027388168931250
0.007086204429257
-0.022755026234697
-0.005710167605075
0.068823860209794
-0.016337907842844
0.005936577441193
0.023634798281219
-0.006047508369021
-0.057045438865070
-0.007882010571007
-0.036325793615805
0.000961632482530
-0.019010589903118
0.001312031862309
-0.058964508500564
-0.077042528102612
-0.005668775257850
-0.015862351140854
0.013652234798930
0.017974006833895
-0.029415126788122
-0.014690395707461
0.014503621670969
0.000615221324764
-0.022370820119751
0.010250171389766
0.070320244586624
0.019154168053288
-0.014429416335499
-0.020105530418948
0.004904008003386
0.018144999546949
-0.010093990228042
0.028652757575786
-0.068424473528807
0.010488626775960
-0.047965952766677
0.039498719859426
-0.044071000818578
-0.014479525311567
-0.017316645958502
-0.001964169042015
-0.000883649819101
-0.021985157138818
0.020594541822400
-0.016176103649188
0.037617454374179
1.026023227820025
-0.030909820146166
-0.037273740566124
-0.045811809712980
-0.003101462954480
0.015629544706785
-0.020141173956363
-0.057052133357753
0.047184176417820
-0.023343619009202
-0.020125322005292
-0.020686577804651
0.005658798646765
-0.045223364563300
-0.011930966577134
-0.004143177332075
-0.021353354289630
0.058181605893445
0.010706780746857
0.022684179207226
-0.059308171834812
0.036210753206499
0.042507405325775
0.027336358278531
-0.006306814237316
0.007488436634483
-0.016575217452884
-0.023236839634243
0.017775200218720
-0.014962653188359
0.060372699281972
-0.041715404402851
0.020586730120118
0.031898527695545
0.053452680776545
-0.039919035073456
0.040762414945530
-0.035614153460525
0.047786481002275
-0.011025785483973
0.049982474381080
-0.015261433108178
0.052086653744292
-0.036898267366046
0.008220337980012
0.008640611181309
-0.058867464930287
-0.030442991831151
-0.083868697565582
-0.012068398962063
-0.035780898207990
-0.041647812471477
-0.034938001387345
0.023634847521597
-0.000445521965662
0.005748884367745
-0.023700188374799
-0.008059578326490
0.003261050474249
-0.051230749177037
-0.053657295225717
-0.034283479035676
-0.043308316387477
-0.008147528965442
-0.031020112494499
1.061255103243367
0.024295243599658
-0.036267282173387
0.042480421006344
-0.010047990697102
0.042174884417830
0.023390913829507
-0.033502665041362
-0.001854361237060
0.013650766821354
0.025403644845582
-0.022957410908463
0.011408436335766
-0.033033428946819
0.049168503375945
0.014055925490842
0.020308146083726
-0.006819355199222
-0.005766750265499
-0.058898217545098
0.009888829235669
0.029866504290302
0.042861476845052
0.053810607679337
-0.040885492501838
-0.051430350608698
-0.001884561052683
0.020237624684610
-0.001749109904319
-0.053013417230555
0.039636017732170
0.093916165831670
0.037493691335906
-0.036727656527603
-0.003926698142032
-0.037845153600445
-0.045229388451559
0.011579134732043
0.021322957268760
0.011398686327347
0.045176071986082
0.042600532308410
0.016124846643883
-0.021624133083898
0.001503093766927
-0.003284492442783
0.061727495013135
0.009540435297643
0.017863961368572
-0.031340427310003
0.045073911696003
0.005541410348205
0.003077837899933
0.028366667791890
0.010305051877649
0.000540238517205
-0.023726782808860
-0.024010093745592
0.031988337357142
-0.024168708627740
-0.044471656703232
-0.007639864847860
0.004516154798835
-0.037120659825558
0.024388168494184
1.056752727706836
0.010914512421162
-0.003812274783711
0.000847577663339
-0.014798603905119
-0.057094829874006
-0.009966468380438
-0.079157779261982
0.002046477393133
-0.034535209531179
-0.045487521183649
-0.059349236393510
-0.022905019709154
0.000588057189742
0.010652417150871
0.044736234586669
-0.015141255586623
0.001777738528213
-0.092551969230914
-0.002723684507112
-0.003510080645671
-0.018601191743560
-0.015356784497612
-0.050208051825517
0.007103201624236
0.026028577932296
-0.032976823097812
-0.000923819610104
0.024804390960415
-0.021927019506868
-0.011696522699352
-0.003446391669312
-0.010764361854963
0.035794016352682
-0.000912081898322
0.039513741978026
-0.023355903493491
-0.052495770635208
-0.042116627252477
0.059791522959490
-0.012050032699370
0.027750151804050
-0.026544281441680
0.021339767345508
-0.001894276659696
-0.053434105702318
0.015069938592475
0.013463224211114
-0.043483104775674
0.043346204415638
-0.016303953159051
0.024091732274846
-0.011381986455075
0.023754949784189
-0.062591359443003
-0.053610922658369
0.010600037585092
0.014441638246599
-0.055047283670823
0.046701539287132
-0.005102873024520
0.027270806225470
-0.045552619251794
-0.035948542896204
0.010988067072597
0.982374544107852
0.047086703886487
-0.043033240723051
-0.010827967192124
-0.032582114722386
-0.008889707756860
0.006315992687797
0.072095660824244
0.013132906575490
-0.019799950088029
-0.066638905811761
0.007611635979210
-0.035759995955485
-0.010509683788702
0.045817863253514
-0.014640059692460
-0.037324042422089
-0.069380944591145
-0.004645348930048
-0.006204469988267
0.047186522628168
-0.012033471990847
-0.044564186108074
0.002312526983757
0.004964240896098
0.013070888620901
-0.000942781369634
0.003077173894303
-0.001045464711925
-0.027138739730720
-0.020156232095825
0.010487443938224
0.021883448945646
-0.018122394320813
-0.024717040504085
-0.043056390827844
-0.021669463121947
0.010084474414907
0.042371934001708
0.055234472123582
0.056314023985697
-0.000771298711420
0.023498536334893
0.036893260254311
0.018731656069577
-0.007397379301946
0.031120530259344
0.055190289988999
0.016936743145328
-0.037880461564569
0.008020665257644
0.030230353441754
-0.017282221199401
0.027175739278442
-0.040147912582033
0.011891083816195
0.001145326962210
-0.027106014197574
0.038192437693744
-0.026948067567752
0.002965836512543
-0.002894041882930
0.042663878263944
-0.003733016988727
0.047263321267556
1.050109521499559
-0.029431376026493
-0.012035542906916
-0.023947755096506
0.038129444755321
-0.000136791789577
0.019593906219261
0.046555972783843
0.018234880465418
-0.001805976342695
-0.001587695904124
0.069659841647439
0.006339725354686
0.052188129509397
-0.039694287422244
0.003100448204304
-0.058254744632030
-0.007228119965370
0.020994327360388
-0.029852285250809
0.017016405395678
0.015618256640126
-0.001659026264743
-0.016010731885982
0.053413382762584
0.004827429463936
-0.037033772017233
-0.030776864828632
-0.037886850918588
0.003498134067851
0.023858904307998
0.066624621891278
-0.022065591449956
0.030339270204001
-0.014796240593751
-0.004376706835428
0.042377597422923
0.070548232551336
0.031515502873695
-0.005257400163145
-0.023224143198355
-0.006397964220047
0.014768430913612
-0.028984880275713
-0.042945176935603
0.072898903059704
0.034144163092148
-0.024319558411719
-0.026952820825479
0.020033886035522
-0.007364809578385
0.021306940256517
-0.015579714072743
0.004396076695252
0.035699551949263
0.033918540825870
-0.092410485132539
0.027780601268750
-0.018618558196699
-0.066152678737077
0.015619552239079
-0.010081493142702
0.000854761545228
-0.043601480594070
-0.029583761363140
1.105552863201460
-0.060427812672613
-0.039181403366177
0.006242010052209
-0.021619496762405
-0.007700936595258
0.010360522142898
-0.026799427502070
-0.038901904921566
0.023444917565475
0.037530734766583
-0.110487928489943
0.002177747746453
0.002279842446751
-0.015109663534094
-0.026977614070178
0.067268590828724
0.015849054987070
0.017019893884478
-0.015286909908737
0.028705573826753
-0.045362693509540
0.013204714460516
0.001819345808043
0.016338772144680
0.023690490204760
-0.039498031659224
0.003926860110441
-0.036122250622089
0.014514361207907
-0.026384925272836
-0.007568160838083
-0.033952023821392
-0.017994123049649
0.070833545000415
-0.033692843975248
0.042213100153264
0.019527466430002
-0.059871156963228
-0.057020435422782
-0.038785048393347
-0.021859549901864
-0.015237140423030
-0.059883745577030
-0.030548024800401
0.009777205175432
0.033962900672290
-0.009705257210457
-0.053726013340208
0.000899661234698
-0.000586824542106
-0.007202857679312
0.025431633137690
-0.020408790466997
-0.017957463012144
-0.017796088721517
-0.002213775700182
0.007515829244205
0.037121491255359
-0.019797422030577
0.042273065647615
-0.014876107277494
-0.010995393042009
-0.012104610601905
-0.060300028384842
1.069687839132219
0.049711327882941
-0.044179356546572
0.021982150673893
-0.010423513535661
-0.108879427162258
0.030438159023745
-0.018963856904010
-0.016325572896270
0.031875066716972
-0.021749803591412
0.075369429237578
0.041928164865817
0.031562689790387
0.020282622417489
0.024069029841435
-0.038165729492573
-0.055154363404124
-0.044565484050249
-0.001665686516746
-0.060776613832404
0.041288571997825
-0.047951411090795
-0.020710830621968
0.012335529623158
0.077931390351303
0.002353570344001
-0.006816783890061
0.020564259802201
0.057101188528742
-0.000121592041438
-0.023795264952565
0.054074045088405
-0.000210589590121
0.055435828211257
-0.003525412993975
0.015101674424171
-0.001452449793405
-0.007074413844208
0.003847314881169
-0.015149249888504
-0.012449738495408
0.005544172978577
-0.037963477969044
0.038944814117632
0.004381741296095
-0.064896083568486
0.014739569983028
-0.025969970580187
0.006885766021457
-0.001003601153798
0.077498454354772
0.023280563063411
0.018829406045352
0.002443060410258
-0.069550546414039
-0.013657927245570
0.039839128849767
-0.057510331888759
0.023477374132098
-0.057420069036470
-0.032827775475234
-0.024010036075301
-0.039430258382296
0.050113733041969
1.126804854704372
-0.006268735526671
0.045702564754785
0.014904095881691
-0.029351642080649
0.040748855463242
0.081146952381853
-0.017692148656237
0.001467338283637
-0.078547870111657
-0.080216691665314
-0.079931917518549
-0.007664632690782
0.031574301092404
0.023439821114551
-0.075812712731322
-0.026458019969221
0.001758451165318
-0.008212598646070
0.043846222944603
0.009750179341869
0.074991521844839
0.012999357599515
-0.021298720771042
-0.019420392166324
0.008039070177442
-0.054643427170742
0.007377278310912
0.077180130128819
-0.015371457657300
-0.011184940993626
-0.007994432894722
-0.002914627909537
0.001063749882900
0.017962499875497
0.038938514718415
0.042120381164652
0.044429127048944
0.006988203650889
0.001473636098270
0.023160046924283
0.001248144449120
0.000398783790606
0.004286123624642
-0.020200533277978
-0.030826297325276
-0.057816198964915
-0.031573879435220
0.025510938725623
0.039553399151207
-0.012658480986723
-0.018563413090324
0.080405468697464
-0.005063270935526
0.010780926752943
-0.001290430614671
0.045534387293240
0.047289374771128
-0.033382149424905
-0.009905195198799
-0.008979906253758
0.038265976920757
0.006242585387629
-0.044049747829544
-0.006355705080978
1.083710149863816
0.000505716468643
-0.004686907058254
0.002947722988944
0.015635517925406
0.020773184830253
-0.021923308506337
0.039151312469962
0.001946490721503
-0.002400176140757
-0.036019618084871
-0.012717438766671
0.050851064611899
-0.027083490803601
0.024118581181430
-0.055005775726887
0.004424001305095
-0.056371176530076
-0.041953635831260
-0.012987296137863
0.001813520267554
0.004868969443048
-0.032598745979325
0.016576418653139
-0.104718519945667
0.016718769644331
0.008357749656619
0.043466187966846
0.052956766814984
0.036125160174593
0.051459862464935
0.005911133246850
-0.035898209934662
0.003747633385448
-0.002507400975150
0.018508355837566
0.017969281257027
0.046468952664169
0.009265575002925
0.015502646676707
0.001404715487285
-0.012087664113472
-0.000859115440961
0.019770317938768
0.000819046118864
-0.002260450382981
0.004721521135340
0.011390363916621
-0.005156672764291
0.075205369246056
0.024707020785153
-0.006011862713765
0.052615042745844
-0.000005356638313
-0.036646030009981
-0.021244062819535
-0.023606041937411
-0.001833520254218
-0.079412502214346
0.006417973899591
-0.000072362629886
-0.021852555376142
0.022121498431658
0.045771591942793
0.000455429100523
1.082205415296917
0.004064005469116
0.016922578740736
0.090707676037860
0.057858916560304
-0.056493687790693
0.010147044557268
0.022443832751319
-0.053152624933934
-0.039423923554239
0.036478564495042
0.031279458172063
0.039754946194970
-0.018407061011976
-0.031336335174445
-0.049927232586193
0.024606708406097
0.014209047181535
0.007834333044065
0.001694623946093
0.028592262368800
0.026224643808012
0.014598241267736
-0.044796730011394
0.001800382215767
0.022538515993512
-0.015578754743818
0.022666064120230
0.002949745966308
-0.000586141733474
-0.057194337696136
-0.006534066974557
0.017483988485282
-0.093133537844275
0.009808605034754
-0.019831135459730
0.078017933234016
0.009756678418253
-0.038123327905261
0.034875674084873
-0.010919089652288
0.028700694877514
-0.062425191770404
-0.010595050523927
-0.005242526210988
-0.034664399721292
-0.006899139098399
-0.005774822158135
0.058237439435271
0.014232192387801
-0.016962760989315
-0.007705571131189
-0.005350240914861
-0.052654277187129
-0.017087903494014
-0.020215790619422
0.013745428140326
0.002131143850707
0.072848383242018
0.019638941040514
-0.007679184304097
-0.010314009912513
0.015049123766632
-0.004731670984795
0.004060983602818
1.135332681464166
-0.033381646241195
-0.046047865281038
0.054193565535383
-0.013924233557355
-0.043461228119476
0.032553144435790
-0.006841555383672
-0.072286372734900
-0.056813892099407
-0.049723159922531
0.005774595316440
0.029373323780790
-0.026344473246885
-0.003994926462102
0.011798399720210
-0.002913636254229
-0.008780872736409
-0.035053710311922
0.013637662308893
-0.000351013466620
0.011658303610437
0.017832150380970
-0.024280684562539
0.013194963644715
0.070788235767450
-0.048857784394602
-0.007590075643258
0.054478040548592
-0.073820949491582
0.019886724282741
-0.002462007194295
-0.036796917125940
0.030254119111388
0.001701907365715
0.022898689828051
-0.005513540523219
-0.015985171546292
-0.033917550938609
-0.027323740666520
-0.024489940909394
-0.005088139873718
0.003695884009440
-0.020991048778530
0.016906417371783
0.068025822273058
-0.075970009755145
0.034707557444160
-0.036740940462488
0.090904317768025
-0.049139295761611
-0.037679955157314
-0.074090179075083
0.015798603237731
-0.020695695569815
0.025535005713375
-0.034546866528162
0.013125900017804
0.046686743867714
0.010499139270564
-0.108696718250570
-0.029098242964010
0.003126462813485
0.017055314286008
-0.033265095745606
1.064108631299284
0.006462048453639
0.019943180038860
-0.003626831247533
-0.021829456680130
0.034809126023951
-0.018143836922014
-0.020138983269360
-0.036227016562439
0.021516831953813
-0.019085791490220
-0.019034885901200
0.001942883876961
0.009805249536960
0.023154614840402
-0.003307066183024
0.022174460908517
0.062294929147946
-0.069698122142657
0.037086865488071
-0.001815996168636
0.010759619785456
-0.045564145367108
-0.011628275076736
0.010385816304571
-0.007939099085687
-0.042668866174025
0.042536224601973
0.056247612421348
-0.008625641937180
0.012468541803137
-0.048301508106162
-0.066809495219565
0.024520027209952
0.000744564156342
-0.042842237043177
0.006100216447861
0.025708151423198
0.000976461315602
-0.010509051900919
-0.026520572069790
0.009081990702446
-0.006089296988933
-0.047220210845646
-0.028285711698674
0.049854395820099
0.027196191324530
-0.031704738052965
-0.001468621381148
0.038951205274368
-0.009847465038462
0.005192090432891
0.025865710898349
0.005818676889047
-0.023005414068385
-0.045610932735745
-0.019559715056453
0.018262926970698
-0.026926512136571
0.030581641632054
0.040467923700844
0.015602491492335
0.090629695757630
-0.045985266743267
0.006445717948631
1.082764413904296
0.058366064864494
-0.023493557934236
-0.001167308205181
0.010515013033720
0.008816316908736
-0.078667610151914
-0.028348355480611
0.044728137532403
-0.014270252890869
-0.047073977653074
-0.023214543179985
-0.058505329528343
0.012619226753872
-0.052481765417277
-0.037239677660319
-0.000242881335763
-0.009474770788944
-0.014603782560294
0.022787229783932
-0.046462517209647
0.015166092930838
0.008984986576761
0.015616982757674
-0.004400196116893
0.014200177990941
0.024572940901577
0.019527543891784
-0.011125634495019
0.037721713702583
0.024935700335224
0.017025067237182
0.002275395218065
-0.017044673848799
0.056478742657872
0.038726987392887
0.013304891925662
-0.035909727341381
-0.003620456672125
-0.010009364116028
-0.005460806702272
-0.000755278513423
-0.015657034223130
0.035976275910012
0.026916894186191
0.047211596623673
0.041521332284096
-0.016505255278407
-0.026997927343084
0.023089181153541
-0.053392231996922
-0.049196123363492
-0.045224458784687
0.011473862243643
-0.059538217273822
-0.066995466365044
-0.001953637058617
-0.038916269963930
-0.018806271148396
0.081028630025721
0.020890722895014
0.057782399034121
0.053945938894854
0.020120649523451
0.058335248700673
1.095567082916958
0.020109868110261
-0.020771454347833
0.031894839000181
-0.063819845646930
0.055118396808107
0.001952453726096
0.005326304554911
0.034491864287753
-0.038909234761860
-0.022517122582524
-0.047961393281633
-0.004523400942556
0.024693339258728
-0.001917928126607
0.041923375759885
0.011505402018938
0.017681079697909
-0.029673498142957
-0.007509427580511
0.007415475585021
0.000894420485112
-0.064019448025699
0.048168817208517
-0.025069377341510
-0.010520311404962
-0.009385749814004
0.011846592336051
0.015971023231532
0.028542053279379
0.087870076720749
-0.000593714269616
0.009354158320722
-0.012921959647482
-0.008579374673900
-0.015112632774711
0.027421721851724
-0.014636372305968
0.010456545241392
-0.022212125562407
-0.051829744411981
0.009556448580111
-0.009702866665108
0.013834227433170
-0.044333019699451
0.031706751122271
0.015124204159221
0.024330907833541
0.006008505661641
0.046325901150130
0.002686207930038
-0.011961286393599
-0.033022722271566
-0.022904170939572
0.007580386358637
-0.001633435379673
0.023282607479862
-0.016366059306847
-0.017448736310426
-0.021865514406617
-0.056359051613766
-0.013832302629046
-0.003581584946303
-0.023458351525383
0.019988090340431
1.032602231222599
-0.056697995311043
-0.012610784805291
-0.008939375207407
0.008629396761960
0.001601707188147
-0.016616143959535
0.009594016600611
0.011992982738758
0.005929240693725
-0.002238770933059
-0.015413249845202
-0.002505312842425
-0.006987853839785
-0.049567215838245
-0.026571406414473
0.025345415195186
0.031248946709017
0.018074299214987
0.001718115887335
0.050779067196105
-0.009940084596327
-0.010101117472830
-0.009716050101850
-0.013410222692278
-0.023967946064454
-0.005816813661262
0.046431088739210
0.038449965110630
-0.090744510067442
-0.019921295459313
-0.043581288715727
0.017064701264362
0.054917880633584
-0.004148431350402
-0.033492935115055
-0.015750518303869
0.002856551577254
0.016543449027159
0.017981786923725
0.029834706920731
-0.029638328793147
-0.003511828397751
-0.011063561571254
-0.005906310244013
-0.050573920675253
-0.011556362020855
0.024423292939326
-0.026969493342266
0.025400237889823
-0.004366392324389
0.049122613952761
0.000476257927157
-0.035903167850749
0.069426479975244
0.037301364275537
0.031758764637524
0.001356369435732
0.038940698600998
0.010133502268334
-0.043172242867879
-0.021678140818085
-0.000937182294062
-0.020732922573237
-0.056828050156868
1.058873617508695
-0.027443678457858
-0.049256548661715
-0.031488514858777
0.018868141640189
-0.002095330937336
0.013408405940283
0.020129396141254
0.042001139496055
0.040917133168167
-0.030089005739520
0.008518223291797
0.000572835775726
-0.024216478695961
0.057555297593226
-0.016853158860000
-0.008352094956555
-0.018795166068518
-0.026501889662771
0.020165106238235
-0.019745419535584
-0.019212303345924
0.066734473507398
0.023359017476708
0.026533190745181
-0.003148212961011
-0.035165796328882
-0.008381960530963
0.030847868472903
0.017591552125531
-0.020060675733532
0.044515854637172
-0.030844687079131
0.054221607077264
0.010136718088389
0.075392584048017
-0.015335152659869
0.015284516333534
-0.056812210303949
0.000359559159225
-0.011159571079905
0.031458860335991
-0.021192017106719
-0.012409481391288
0.033490624788356
0.049844910480235
0.015482992015214
-0.012223676095914
0.027313108092641
-0.021354309450538
0.014181806874211
0.010585846821430
-0.010546019418496
0.006460750769712
-0.110136385272720
-0.021708306447260
-0.078289987133148
0.002177211866460
0.022347007566196
0.032388397984463
0.034765870072114
0.010453413183134
0.031883649616898
-0.012581071617108
-0.027336314497205
1.054150449110731
0.040089743736893
0.009991788553212
0.045002432343181
0.040709586886426
0.022349081788677
0.006327939837086
0.040915854989256
0.023098209239514
0.030718274289974
-0.034348638456532
-0.046779325155447
-0.014167608836935
0.002531854133344
0.005336463021781
-0.034499634086628
-0.024430853262201
0.020568971006472
-0.007493819551270
0.000193602434901
-0.048873733721505
-0.014396044704849
-0.017054718927500
0.017302541240634
0.001792007261651
-0.031994972431948
0.013429135262552
0.040112626186552
-0.010070017732972
0.019459725776306
-0.051689825883348
-0.025663864893161
-0.025297174654707
0.053144379510088
-0.078059903294725
-0.065536176504916
-0.027595099640650
-0.048318561752971
0.099651830419975
-0.081888767384683
-0.010089006012723
-0.051895402544618
-0.024599616727222
-0.026555634845144
0.037711994038764
0.016807532115503
0.060120987197968
0.006940712122774
0.058235958026832
0.020321596748780
0.044822545928117
0.046079755435603
0.052236842915257
0.002296249654236
0.074851913037206
-0.079764848308866
-0.002557080362342
-0.052964457796091
-0.006732656161370
-0.018104816973551
0.008535096232853
-0.063533698631494
-0.008978533782295
-0.048982108112433
0.040231758152939
1.057966558049888
0.041755220300848
0.009458926659601
-0.073216753221110
0.002778579866573
0.056609624366297
-0.005042985511029
-0.036044090686730
-0.039491161987817
-0.038151730623686
0.012459872369088
0.005842233688368
-0.004122816075937
-0.037262878404039
-0.049136164679680
0.034447248723513
0.067509561735504
0.039860449002759
-0.009274710626015
0.018182988332409
-0.008695628643225
-0.017894747058832
-0.028679288393081
-0.019653402652102
-0.000606092618766
-0.033727849299496
0.044701215222073
-0.026921987376980
0.018468409820849
0.007168583129594
-0.012337602234197
0.009271143614271
0.027985002827810
-0.024163247620093
-0.070386702118075
0.021681275931963
-0.012322725990665
0.031558203427868
0.043253564651825
0.051582041224422
0.057642174384489
0.019740335953714
0.039041916135471
0.016468512306063
0.016142082446631
-0.029493967472646
-0.022683361007181
0.010614637279642
-0.006767039755898
-0.015096509606325
-0.014464042440656
-0.039657645073913
0.002059636415278
0.041833733081828
-0.079190447548062
-0.035996222817550
-0.039009780326479
-0.071508878428864
-0.020097600079374
-0.078358153249063
0.054895036258101
0.008633568800522
-0.031564353683719
0.009877698853412
0.041746425418178
1.041249173679727
-0.067707447368232
0.023371836335096
0.018552440303893
0.063981843227620
0.027104643810027
-0.051614141993576
-0.004523242910167
0.022704284552486
-0.065173495670617
-0.039975266918110
-0.011363947143173
0.021473760007968
-0.060901603862647
0.036012755457490
0.025210805625533
0.041339243878849
0.042056623319508
0.040510008337054
-0.004644935318292
-0.033985546025631
0.011664933776820
-0.044227100578524
-0.062550277867370
-0.012137118438233
0.010738735374952
-0.027350035587453
0.005489856574016
-0.021776875754963
0.009963288570296
0.056752243778841
-0.069766890864461
0.009705203020734
0.025844171560645
0.014621259687626
-0.010162504013973
0.043807945588849
0.032325886465322
-0.000026121469108
-0.008095460673546
-0.007114733089606
-0.021877594153980
-0.032361738559855
0.014003424389596
0.002582293383516
-0.005666738925420
0.022797747404570
-0.005798460820653
0.001796194102920
-0.037435391102479
0.003158200171124
-0.015160358714211
0.031566028462044
-0.007677353188759
-0.012724705864159
0.036669810861329
-0.056526655120017
-0.036359554681964
-0.028329961315600
0.001791063690131
0.001602577430864
0.018758155717029
0.045023279497949
0.009798776768560
-0.067752893513114
1.083775455811998
0.058407457245216
-0.028717731401409
0.017863097645819
-0.028115597465647
-0.024416998829617
0.064057518542621
-0.017724686291367
0.030860665621853
-0.013137477266025
-0.038188866863557
-0.029027125363243
0.042740773636810
0.029191501201700
-0.024006451951588
0.018047134363950
-0.003002074702316
0.037670303047032
0.011145868206875
0.033895166051823
-0.054085038640291
0.021494421152559
-0.014712768505115
-0.019556006977571
-0.008439091501037
0.061398583263582
-0.071254328670651
-0.001073995992120
-0.033262205273364
0.034094951981580
-0.015667698513519
0.057770076137022
-0.009041096625356
-0.011829020258398
-0.052008641967166
-0.045262053897036
-0.022105926439742
-0.001446239620951
0.004333354567123
-0.047524922743025
-0.002497233509574
0.019781150616204
-0.009530501009419
-0.067059313013268
0.069124335905352
-0.059724516285218
-0.059010560712481
-0.093072622201051
-0.069698480702562
-0.058579980851195
-0.027133670207571
0.020264710239935
0.031865449050680
0.050962342014287
0.031507069079685
-0.049788806620607
0.021678410897946
0.044856051727921
0.005437773076652
-0.016710115741233
-0.002271404832644
0.040735632706081
-0.073684637688573
0.023487958080438
0.058604601980625
1.129958817142667
0.031158037216860
0.028907570674495
0.037721789440216
-0.041817623215463
0.027677032377065
-0.011703771403705
-0.047343487406875
-0.017477866886595
-0.010046998139224
-0.036837380685554
0.012972038852903
0.020884058941507
0.059877256315851
-0.012086546473236
-0.048791867585399
-0.060954753063913
-0.018872053098372
0.006933187206878
0.027072575108691
-0.007833222176125
0.045676998123700
0.007078044280562
-0.051697993651742
-0.001118411792085
-0.015713561849062
-0.001193268216620
0.067430872554779
-0.037718302924091
0.063288127251699
0.048361735041441
0.066721165827047
0.002764650578463
-0.021785871337674
-0.014818502250790
0.032261325746631
0.019370088083515
0.024838735859927
0.012366370026872
0.090403057346486
-0.045808668341184
-0.036451150550160
-0.028472318057667
-0.016150669977342
0.036463617642336
0.009950706027835
-0.002701102275126
-0.004696991893770
-0.007104781074836
0.067104266084662
0.024150598910791
0.023151823541339
-0.027047259915815
0.039659113822296
0.005799037894060
-0.019188176148869
-0.014334284129921
0.034118300444122
0.009796736850457
0.013339020261938
0.022467436723273
0.003097541671408
0.018680220284822
-0.028643465224337
0.030878014642181
1.109320445744807
-0.036713914336447
-0.001140251175971
-0.048507819631589
-0.010233635718535
-0.034762981446302
-0.006112844464671
-0.008510856299370
-0.002739308583875
0.006656926382758
-0.045718625111604
-0.046959473684115
0.025604129683274
0.053424830727151
0.022917043274182
0.075568753832281
0.006840839674280
-0.034229967795423
0.031377114321218
0.074444891303948
-0.008233151359762
0.014791068248619
0.062827469911093
-0.072392928115042
0.028332502046050
-0.024633078032714
-0.005837020089142
0.048757167888702
-0.009909882865472
-0.029961717980366
-0.001691661616296
0.023370438656875
-0.081000425510428
0.012359404201344
0.006334391606305
0.006313562641354
-0.096651794041433
-0.041687183477772
-0.021087624833193
0.009244066301527
-0.019680248847863
0.002497059155777
0.005823084018424
0.042728916848669
0.030081489410005
-0.003308904178836
-0.006373697702391
0.021044490739310
0.015949371690728
-0.038420887623753
-0.075868133117055
0.024103866457942
-0.018440800468413
0.029364414907431
-0.019083262922148
-0.047332376157047
-0.039179259169535
0.012076523949283
0.020306085013999
0.006238445597172
0.057020660360755
0.064328901079824
0.017864662564602
0.029122132860297
-0.037027059869876
1.147735851551802
0.000038813551179
0.060406405525297
-0.019515341844404
-0.071936604400923
-0.010330755067950
-0.038686102892007
-0.039963929321184
-0.005199086439576
0.040378473089191
-0.021609475539676
-0.022353427582950
-0.041607704859570
0.045966814059172
0.025899560800392
-0.021213991007676
-0.019267952152289
0.008641263572665
-0.069841590612912
0.016565777612557
-0.016752751111124
-0.021383213937445
0.001001609703670
-0.019147579452679
-0.065681219671728
-0.016831332175723
0.007824104596832
-0.026137330295447
-0.026203898736241
-0.024995630485671
0.018605472715890
-0.016871182626453
-0.060502492253203
-0.005674113612945
0.026490350394610
-0.035973023762006
-0.046595274589728
0.013186915258650
0.024117692421221
-0.008437453951276
0.031286623433924
0.023707943924355
0.027554308172666
0.042861792031925
-0.018531880458924
0.047496406485652
-0.029741213698515
0.017039620856916
-0.055131666043661
-0.026476573943209
-0.054949550881706
-0.031298310231088
-0.026185222864712
0.001988343809695
-0.023177961396655
-0.022580982850545
0.005937753626823
0.041962042272054
0.041030649665371
-0.004733971723727
0.027150647379067
-0.028156069055286
0.037756025890433
-0.001342516572299
0.000104333331659
1.053029669060627
-0.014064218864559
-0.028826278171917
-0.024329662866135
0.049292709312610
-0.024085863397606
0.024587444159584
-0.004093483560994
0.006377135435797
0.062297570044516
-0.074300551744944
0.016563130772811
0.005284298774889
0.015042272638216
-0.024970616786051
-0.019121987631634
-0.035094101024305
0.028489362939066
0.007093513621609
0.033423350335272
-0.043207177928536
0.004650897936914
-0.002504177724677
0.001925824504656
-0.039421142210238
-0.014256121791123
-0.012328295123740
-0.009095398265012
0.008468610548642
0.045570728937041
0.023879448616204
-0.004143237133500
-0.016758246612977
-0.025866387211504
-0.006120484057531
-0.008217693710062
-0.025992726818233
-0.017928223966130
-0.005802348943754
0.037205957805900
-0.006025419168862
-0.006338696009438
0.053404141912912
-0.015262644701494
-0.012095423584224
0.016945569714865
-0.015180042524273
-0.044398465401125
0.001707907196176
0.004340485063945
-0.049632330533038
-0.003974759987988
0.009765978975031
-0.058126276043611
-0.047581210321269
-0.002348412980248
0.040698899971697
0.022965016257646
-0.036043836751122
-0.051505286633057
-0.024300042401719
-0.041286525904958
-0.048239236577916
0.059802914903467
-0.014032652604974
0.952990854661215
0.110122682542734
-0.005336437895209
-0.083874873857877
-0.076665521906432
-0.002378491318927
0.020485843631198
-0.023051940490367
0.061750599870178
-0.016528137938483
-0.004488131757818
0.006724583213797
0.035238823542280
-0.015663090600883
0.018290960424918
-0.002446908491760
-0.008774770503770
-0.033210881165243
0.014063098680080
0.038338360931690
0.049300154332528
0.058590363906787
0.047302814193855
-0.009763838585386
-0.019956451734977
-0.027774653458238
0.011455148358244
-0.043246651287791
0.001442049478566
0.061218756109192
0.043036373298999
-0.074192769196931
0.021189882497568
-0.010309908011758
-0.022642205113683
-0.012291265370521
-0.020744096355871
0.022927845896225
-0.052436794642689
-0.057199958006868
0.007442957198763
-0.040702804270963
-0.050202048742888
-0.044664453812411
0.015687779113735
0.028909174586625
-0.001625227202355
-0.008136969099939
-0.056262335261992
0.024451566008186
0.011928960058671
0.023294981974593
0.012569687346878
-0.004689195747281
-0.015422658772041
-0.030032477980019
0.030769691134366
-0.039578703905384
-0.004607188804775
0.064014165918726
0.027634197366990
-0.010520800369578
-0.019387774615863
-0.028724275308288
0.110747767011360
1.065678054030270
0.002309187048912
0.043171312932374
0.004098658976200
-0.065063301126313
-0.036076445471809
0.047952385463312
0.050121412992493
-0.017772852247625
0.013880676220097
0.003242094246369
0.029324645464598
-0.017959758682887
-0.017259087144944
-0.044599672346253
0.014954807084624
0.009572668262276
0.024394283432456
0.010852212950646
0.019389578708756
0.017095457340423
-0.081197236021429
-0.016010582005823
-0.026620090858328
-0.038705855401225
-0.011816361645276
0.010189251667390
0.017564890225025
0.024912488823366
0.047023107425428
-0.056747567770565
-0.008368304214635
-0.031135498923181
0.009929927514079
0.028261409614897
0.020486726972997
0.018189602892513
-0.029595979275662
-0.007841891178280
-0.016282019141816
-0.051365951462525
0.007167827163524
0.002360570114695
-0.001679937132297
-0.045211374099849
-0.060550947051411
0.043554085326119
-0.041740467900636
0.013964211454134
-0.003170037520102
-0.003369178590599
-0.052466409697838
0.024569332703707
-0.002382472265527
0.008427918833648
-0.034386490601292
-0.037959735618306
0.022694458857955
-0.017594353400784
-0.011718719477088
-0.034677507899437
-0.071478614588936
-0.024224085724167
-0.005433808324475
0.002169209376759
1.050766351748275
